date,day-stars,total-stars
24-05-2013,0,0
25-05-2013,0,0
26-05-2013,0,0
27-05-2013,0,0
28-05-2013,0,0
29-05-2013,178,178
30-05-2013,587,765
31-05-2013,171,936
01-06-2013,45,981
02-06-2013,26,1007
03-06-2013,47,1054
04-06-2013,22,1076
05-06-2013,44,1120
06-06-2013,27,1147
07-06-2013,35,1182
08-06-2013,21,1203
09-06-2013,19,1222
10-06-2013,14,1236
11-06-2013,8,1244
12-06-2013,10,1254
13-06-2013,12,1266
14-06-2013,10,1276
15-06-2013,4,1280
16-06-2013,4,1284
17-06-2013,11,1295
18-06-2013,7,1302
19-06-2013,6,1308
20-06-2013,6,1314
21-06-2013,6,1320
22-06-2013,4,1324
23-06-2013,5,1329
24-06-2013,18,1347
25-06-2013,8,1355
26-06-2013,4,1359
27-06-2013,2,1361
28-06-2013,4,1365
29-06-2013,8,1373
30-06-2013,7,1380
01-07-2013,4,1384
02-07-2013,8,1392
03-07-2013,5,1397
04-07-2013,5,1402
05-07-2013,4,1406
06-07-2013,5,1411
07-07-2013,4,1415
08-07-2013,0,1415
09-07-2013,4,1419
10-07-2013,5,1424
11-07-2013,2,1426
12-07-2013,2,1428
13-07-2013,5,1433
14-07-2013,1,1434
15-07-2013,2,1436
16-07-2013,3,1439
17-07-2013,11,1450
18-07-2013,13,1463
19-07-2013,5,1468
20-07-2013,2,1470
21-07-2013,5,1475
22-07-2013,5,1480
23-07-2013,5,1485
24-07-2013,4,1489
25-07-2013,3,1492
26-07-2013,4,1496
27-07-2013,0,1496
28-07-2013,3,1499
29-07-2013,1,1500
30-07-2013,8,1508
31-07-2013,4,1512
01-08-2013,3,1515
02-08-2013,2,1517
03-08-2013,3,1520
04-08-2013,3,1523
05-08-2013,6,1529
06-08-2013,2,1531
07-08-2013,11,1542
08-08-2013,8,1550
09-08-2013,2,1552
10-08-2013,1,1553
11-08-2013,0,1553
12-08-2013,0,1553
13-08-2013,0,1553
14-08-2013,2,1555
15-08-2013,10,1565
16-08-2013,12,1577
17-08-2013,10,1587
18-08-2013,3,1590
19-08-2013,4,1594
20-08-2013,9,1603
21-08-2013,6,1609
22-08-2013,5,1614
23-08-2013,10,1624
24-08-2013,0,1624
25-08-2013,1,1625
26-08-2013,2,1627
27-08-2013,12,1639
28-08-2013,19,1658
29-08-2013,3,1661
30-08-2013,11,1672
31-08-2013,5,1677
01-09-2013,4,1681
02-09-2013,7,1688
03-09-2013,8,1696
04-09-2013,7,1703
05-09-2013,5,1708
06-09-2013,6,1714
07-09-2013,0,1714
08-09-2013,4,1718
09-09-2013,3,1721
10-09-2013,2,1723
11-09-2013,9,1732
12-09-2013,4,1736
13-09-2013,2,1738
14-09-2013,2,1740
15-09-2013,7,1747
16-09-2013,10,1757
17-09-2013,6,1763
18-09-2013,8,1771
19-09-2013,6,1777
20-09-2013,5,1782
21-09-2013,3,1785
22-09-2013,5,1790
23-09-2013,7,1797
24-09-2013,6,1803
25-09-2013,5,1808
26-09-2013,2,1810
27-09-2013,6,1816
28-09-2013,3,1819
29-09-2013,3,1822
30-09-2013,2,1824
01-10-2013,7,1831
02-10-2013,4,1835
03-10-2013,5,1840
04-10-2013,3,1843
05-10-2013,3,1846
06-10-2013,5,1851
07-10-2013,3,1854
08-10-2013,4,1858
09-10-2013,2,1860
10-10-2013,3,1863
11-10-2013,3,1866
12-10-2013,3,1869
13-10-2013,2,1871
14-10-2013,2,1873
15-10-2013,3,1876
16-10-2013,1,1877
17-10-2013,5,1882
18-10-2013,7,1889
19-10-2013,3,1892
20-10-2013,1,1893
21-10-2013,7,1900
22-10-2013,4,1904
23-10-2013,17,1921
24-10-2013,14,1935
25-10-2013,4,1939
26-10-2013,5,1944
27-10-2013,2,1946
28-10-2013,4,1950
29-10-2013,43,1993
30-10-2013,10,2003
31-10-2013,9,2012
01-11-2013,4,2016
02-11-2013,2,2018
03-11-2013,13,2031
04-11-2013,8,2039
05-11-2013,24,2063
06-11-2013,10,2073
07-11-2013,13,2086
08-11-2013,1,2087
09-11-2013,3,2090
10-11-2013,4,2094
11-11-2013,4,2098
12-11-2013,7,2105
13-11-2013,12,2117
14-11-2013,7,2124
15-11-2013,10,2134
16-11-2013,19,2153
17-11-2013,9,2162
18-11-2013,11,2173
19-11-2013,4,2177
20-11-2013,3,2180
21-11-2013,6,2186
22-11-2013,14,2200
23-11-2013,6,2206
24-11-2013,6,2212
25-11-2013,13,2225
26-11-2013,3,2228
27-11-2013,6,2234
28-11-2013,8,2242
29-11-2013,7,2249
30-11-2013,1,2250
01-12-2013,4,2254
02-12-2013,9,2263
03-12-2013,12,2275
04-12-2013,10,2285
05-12-2013,19,2304
06-12-2013,4,2308
07-12-2013,3,2311
08-12-2013,6,2317
09-12-2013,13,2330
10-12-2013,10,2340
11-12-2013,8,2348
12-12-2013,9,2357
13-12-2013,7,2364
14-12-2013,10,2374
15-12-2013,7,2381
16-12-2013,21,2402
17-12-2013,10,2412
18-12-2013,7,2419
19-12-2013,66,2485
20-12-2013,164,2649
21-12-2013,88,2737
22-12-2013,60,2797
23-12-2013,71,2868
24-12-2013,34,2902
25-12-2013,29,2931
26-12-2013,32,2963
27-12-2013,24,2987
28-12-2013,24,3011
29-12-2013,16,3027
30-12-2013,11,3038
31-12-2013,18,3056
01-01-2014,30,3086
02-01-2014,56,3142
03-01-2014,48,3190
04-01-2014,31,3221
05-01-2014,21,3242
06-01-2014,42,3284
07-01-2014,46,3330
08-01-2014,25,3355
09-01-2014,25,3380
10-01-2014,31,3411
11-01-2014,22,3433
12-01-2014,21,3454
13-01-2014,23,3477
14-01-2014,25,3502
15-01-2014,13,3515
16-01-2014,17,3532
17-01-2014,24,3556
18-01-2014,7,3563
19-01-2014,12,3575
20-01-2014,10,3585
21-01-2014,27,3612
22-01-2014,14,3626
23-01-2014,27,3653
24-01-2014,71,3724
25-01-2014,25,3749
26-01-2014,10,3759
27-01-2014,18,3777
28-01-2014,13,3790
29-01-2014,11,3801
30-01-2014,12,3813
31-01-2014,27,3840
01-02-2014,19,3859
02-02-2014,12,3871
03-02-2014,14,3885
04-02-2014,22,3907
05-02-2014,13,3920
06-02-2014,15,3935
07-02-2014,17,3952
08-02-2014,6,3958
09-02-2014,10,3968
10-02-2014,13,3981
11-02-2014,13,3994
12-02-2014,19,4013
13-02-2014,23,4036
14-02-2014,12,4048
15-02-2014,10,4058
16-02-2014,14,4072
17-02-2014,16,4088
18-02-2014,24,4112
19-02-2014,11,4123
20-02-2014,16,4139
21-02-2014,15,4154
22-02-2014,9,4163
23-02-2014,9,4172
24-02-2014,13,4185
25-02-2014,19,4204
26-02-2014,13,4217
27-02-2014,17,4234
28-02-2014,15,4249
01-03-2014,12,4261
02-03-2014,6,4267
03-03-2014,6,4273
04-03-2014,11,4284
05-03-2014,14,4298
06-03-2014,13,4311
07-03-2014,8,4319
08-03-2014,9,4328
09-03-2014,15,4343
10-03-2014,15,4358
11-03-2014,12,4370
12-03-2014,8,4378
13-03-2014,20,4398
14-03-2014,10,4408
15-03-2014,5,4413
16-03-2014,7,4420
17-03-2014,13,4433
18-03-2014,17,4450
19-03-2014,19,4469
20-03-2014,15,4484
21-03-2014,17,4501
22-03-2014,11,4512
23-03-2014,14,4526
24-03-2014,22,4548
25-03-2014,24,4572
26-03-2014,12,4584
27-03-2014,13,4597
28-03-2014,17,4614
29-03-2014,15,4629
30-03-2014,7,4636
31-03-2014,10,4646
01-04-2014,12,4658
02-04-2014,11,4669
03-04-2014,10,4679
04-04-2014,15,4694
05-04-2014,10,4704
06-04-2014,7,4711
07-04-2014,6,4717
08-04-2014,13,4730
09-04-2014,11,4741
10-04-2014,13,4754
11-04-2014,12,4766
12-04-2014,6,4772
13-04-2014,10,4782
14-04-2014,15,4797
15-04-2014,11,4808
16-04-2014,12,4820
17-04-2014,11,4831
18-04-2014,7,4838
19-04-2014,8,4846
20-04-2014,8,4854
21-04-2014,31,4885
22-04-2014,22,4907
23-04-2014,22,4929
24-04-2014,21,4950
25-04-2014,24,4974
26-04-2014,11,4985
27-04-2014,9,4994
28-04-2014,14,5008
29-04-2014,29,5037
30-04-2014,61,5098
01-05-2014,29,5127
02-05-2014,17,5144
03-05-2014,9,5153
04-05-2014,22,5175
05-05-2014,19,5194
06-05-2014,25,5219
07-05-2014,14,5233
08-05-2014,15,5248
09-05-2014,46,5294
10-05-2014,34,5328
11-05-2014,12,5340
12-05-2014,24,5364
13-05-2014,54,5418
14-05-2014,65,5483
15-05-2014,49,5532
16-05-2014,49,5581
17-05-2014,31,5612
18-05-2014,14,5626
19-05-2014,31,5657
20-05-2014,54,5711
21-05-2014,29,5740
22-05-2014,13,5753
23-05-2014,19,5772
24-05-2014,9,5781
25-05-2014,10,5791
26-05-2014,19,5810
27-05-2014,20,5830
28-05-2014,25,5855
29-05-2014,24,5879
30-05-2014,27,5906
31-05-2014,20,5926
01-06-2014,17,5943
02-06-2014,31,5974
03-06-2014,17,5991
04-06-2014,18,6009
05-06-2014,15,6024
06-06-2014,17,6041
07-06-2014,9,6050
08-06-2014,6,6056
09-06-2014,10,6066
10-06-2014,16,6082
11-06-2014,9,6091
12-06-2014,14,6105
13-06-2014,15,6120
14-06-2014,5,6125
15-06-2014,8,6133
16-06-2014,12,6145
17-06-2014,15,6160
18-06-2014,20,6180
19-06-2014,9,6189
20-06-2014,10,6199
21-06-2014,4,6203
22-06-2014,6,6209
23-06-2014,7,6216
24-06-2014,16,6232
25-06-2014,8,6240
26-06-2014,11,6251
27-06-2014,13,6264
28-06-2014,12,6276
29-06-2014,7,6283
30-06-2014,19,6302
01-07-2014,13,6315
02-07-2014,15,6330
03-07-2014,53,6383
04-07-2014,21,6404
05-07-2014,12,6416
06-07-2014,11,6427
07-07-2014,23,6450
08-07-2014,21,6471
09-07-2014,12,6483
10-07-2014,26,6509
11-07-2014,23,6532
12-07-2014,22,6554
13-07-2014,5,6559
14-07-2014,24,6583
15-07-2014,13,6596
16-07-2014,19,6615
17-07-2014,26,6641
18-07-2014,25,6666
19-07-2014,14,6680
20-07-2014,10,6690
21-07-2014,23,6713
22-07-2014,28,6741
23-07-2014,20,6761
24-07-2014,24,6785
25-07-2014,14,6799
26-07-2014,12,6811
27-07-2014,13,6824
28-07-2014,38,6862
29-07-2014,39,6901
30-07-2014,21,6922
31-07-2014,29,6951
01-08-2014,20,6971
02-08-2014,15,6986
03-08-2014,19,7005
04-08-2014,19,7024
05-08-2014,18,7042
06-08-2014,18,7060
07-08-2014,25,7085
08-08-2014,17,7102
09-08-2014,17,7119
10-08-2014,11,7130
11-08-2014,12,7142
12-08-2014,25,7167
13-08-2014,16,7183
14-08-2014,11,7194
15-08-2014,8,7202
16-08-2014,3,7205
17-08-2014,8,7213
18-08-2014,16,7229
19-08-2014,22,7251
20-08-2014,20,7271
21-08-2014,15,7286
22-08-2014,11,7297
23-08-2014,9,7306
24-08-2014,17,7323
25-08-2014,24,7347
26-08-2014,17,7364
27-08-2014,11,7375
28-08-2014,9,7384
29-08-2014,20,7404
30-08-2014,17,7421
31-08-2014,18,7439
01-09-2014,27,7466
02-09-2014,21,7487
03-09-2014,37,7524
04-09-2014,35,7559
05-09-2014,24,7583
06-09-2014,10,7593
07-09-2014,5,7598
08-09-2014,9,7607
09-09-2014,15,7622
10-09-2014,15,7637
11-09-2014,17,7654
12-09-2014,19,7673
13-09-2014,13,7686
14-09-2014,17,7703
15-09-2014,24,7727
16-09-2014,24,7751
17-09-2014,27,7778
18-09-2014,11,7789
19-09-2014,22,7811
20-09-2014,16,7827
21-09-2014,12,7839
22-09-2014,22,7861
23-09-2014,22,7883
24-09-2014,20,7903
25-09-2014,11,7914
26-09-2014,12,7926
27-09-2014,13,7939
28-09-2014,25,7964
29-09-2014,25,7989
30-09-2014,26,8015
01-10-2014,22,8037
02-10-2014,19,8056
03-10-2014,13,8069
04-10-2014,13,8082
05-10-2014,10,8092
06-10-2014,14,8106
07-10-2014,20,8126
08-10-2014,28,8154
09-10-2014,22,8176
10-10-2014,17,8193
11-10-2014,26,8219
12-10-2014,19,8238
13-10-2014,15,8253
14-10-2014,31,8284
15-10-2014,24,8308
16-10-2014,32,8340
17-10-2014,37,8377
18-10-2014,20,8397
19-10-2014,7,8404
20-10-2014,28,8432
21-10-2014,48,8480
22-10-2014,139,8619
23-10-2014,69,8688
24-10-2014,53,8741
25-10-2014,28,8769
26-10-2014,20,8789
27-10-2014,52,8841
28-10-2014,41,8882
29-10-2014,46,8928
30-10-2014,29,8957
31-10-2014,22,8979
01-11-2014,27,9006
02-11-2014,21,9027
03-11-2014,42,9069
04-11-2014,39,9108
05-11-2014,31,9139
06-11-2014,42,9181
07-11-2014,36,9217
08-11-2014,18,9235
09-11-2014,22,9257
10-11-2014,35,9292
11-11-2014,42,9334
12-11-2014,32,9366
13-11-2014,40,9406
14-11-2014,22,9428
15-11-2014,22,9450
16-11-2014,19,9469
17-11-2014,31,9500
18-11-2014,43,9543
19-11-2014,42,9585
20-11-2014,39,9624
21-11-2014,43,9667
22-11-2014,17,9684
23-11-2014,23,9707
24-11-2014,37,9744
25-11-2014,34,9778
26-11-2014,26,9804
27-11-2014,37,9841
28-11-2014,23,9864
29-11-2014,23,9887
30-11-2014,18,9905
01-12-2014,37,9942
02-12-2014,46,9988
03-12-2014,29,10017
04-12-2014,26,10043
05-12-2014,28,10071
06-12-2014,23,10094
07-12-2014,15,10109
08-12-2014,23,10132
09-12-2014,37,10169
10-12-2014,30,10199
11-12-2014,24,10223
12-12-2014,29,10252
13-12-2014,19,10271
14-12-2014,30,10301
15-12-2014,31,10332
16-12-2014,56,10388
17-12-2014,80,10468
18-12-2014,89,10557
19-12-2014,52,10609
20-12-2014,38,10647
21-12-2014,31,10678
22-12-2014,34,10712
23-12-2014,42,10754
24-12-2014,30,10784
25-12-2014,21,10805
26-12-2014,21,10826
27-12-2014,24,10850
28-12-2014,31,10881
29-12-2014,28,10909
30-12-2014,33,10942
31-12-2014,19,10961
01-01-2015,13,10974
02-01-2015,23,10997
03-01-2015,11,11008
04-01-2015,30,11038
05-01-2015,44,11082
06-01-2015,29,11111
07-01-2015,23,11134
08-01-2015,32,11166
09-01-2015,22,11188
10-01-2015,20,11208
11-01-2015,25,11233
12-01-2015,28,11261
13-01-2015,36,11297
14-01-2015,30,11327
15-01-2015,42,11369
16-01-2015,35,11404
17-01-2015,25,11429
18-01-2015,20,11449
19-01-2015,30,11479
20-01-2015,35,11514
21-01-2015,33,11547
22-01-2015,37,11584
23-01-2015,26,11610
24-01-2015,17,11627
25-01-2015,20,11647
26-01-2015,35,11682
27-01-2015,43,11725
28-01-2015,76,11801
29-01-2015,292,12093
30-01-2015,237,12330
31-01-2015,108,12438
01-02-2015,112,12550
02-02-2015,177,12727
03-02-2015,193,12920
04-02-2015,115,13035
05-02-2015,128,13163
06-02-2015,87,13250
07-02-2015,71,13321
08-02-2015,83,13404
09-02-2015,80,13484
10-02-2015,84,13568
11-02-2015,116,13684
12-02-2015,89,13773
13-02-2015,71,13844
14-02-2015,43,13887
15-02-2015,58,13945
16-02-2015,64,14009
17-02-2015,53,14062
18-02-2015,50,14112
19-02-2015,71,14183
20-02-2015,57,14240
21-02-2015,46,14286
22-02-2015,51,14337
23-02-2015,61,14398
24-02-2015,63,14461
25-02-2015,85,14546
26-02-2015,60,14606
27-02-2015,80,14686
28-02-2015,50,14736
01-03-2015,55,14791
02-03-2015,80,14871
03-03-2015,63,14934
04-03-2015,64,14998
05-03-2015,74,15072
06-03-2015,61,15133
07-03-2015,23,15156
08-03-2015,25,15181
09-03-2015,45,15226
10-03-2015,46,15272
11-03-2015,64,15336
12-03-2015,52,15388
13-03-2015,49,15437
14-03-2015,29,15466
15-03-2015,54,15520
16-03-2015,66,15586
17-03-2015,55,15641
18-03-2015,51,15692
19-03-2015,58,15750
20-03-2015,46,15796
21-03-2015,34,15830
22-03-2015,34,15864
23-03-2015,40,15904
24-03-2015,51,15955
25-03-2015,70,16025
26-03-2015,145,16170
27-03-2015,193,16363
28-03-2015,91,16454
29-03-2015,56,16510
30-03-2015,104,16614
31-03-2015,92,16706
01-04-2015,78,16784
02-04-2015,79,16863
03-04-2015,53,16916
04-04-2015,34,16950
05-04-2015,32,16982
06-04-2015,45,17027
07-04-2015,69,17096
08-04-2015,84,17180
09-04-2015,54,17234
10-04-2015,82,17316
11-04-2015,34,17350
12-04-2015,31,17381
13-04-2015,60,17441
14-04-2015,45,17486
15-04-2015,44,17530
16-04-2015,39,17569
17-04-2015,44,17613
18-04-2015,32,17645
19-04-2015,38,17683
20-04-2015,59,17742
21-04-2015,70,17812
22-04-2015,76,17888
23-04-2015,77,17965
24-04-2015,95,18060
25-04-2015,33,18093
26-04-2015,45,18138
27-04-2015,69,18207
28-04-2015,59,18266
29-04-2015,44,18310
30-04-2015,49,18359
01-05-2015,32,18391
02-05-2015,30,18421
03-05-2015,17,18438
04-05-2015,38,18476
05-05-2015,55,18531
06-05-2015,42,18573
07-05-2015,50,18623
08-05-2015,55,18678
09-05-2015,35,18713
10-05-2015,22,18735
11-05-2015,48,18783
12-05-2015,41,18824
13-05-2015,49,18873
14-05-2015,55,18928
15-05-2015,55,18983
16-05-2015,23,19006
17-05-2015,33,19039
18-05-2015,62,19101
19-05-2015,45,19146
20-05-2015,53,19199
21-05-2015,49,19248
22-05-2015,60,19308
23-05-2015,32,19340
24-05-2015,27,19367
25-05-2015,44,19411
26-05-2015,57,19468
27-05-2015,62,19530
28-05-2015,63,19593
29-05-2015,46,19639
30-05-2015,27,19666
31-05-2015,39,19705
01-06-2015,53,19758
02-06-2015,51,19809
03-06-2015,57,19866
04-06-2015,48,19914
05-06-2015,50,19964
06-06-2015,31,19995
07-06-2015,31,20026
08-06-2015,45,20071
09-06-2015,50,20121
10-06-2015,51,20172
11-06-2015,42,20214
12-06-2015,46,20260
13-06-2015,22,20282
14-06-2015,35,20317
15-06-2015,39,20356
16-06-2015,43,20399
17-06-2015,50,20449
18-06-2015,30,20479
19-06-2015,50,20529
20-06-2015,28,20557
21-06-2015,26,20583
22-06-2015,37,20620
23-06-2015,40,20660
24-06-2015,43,20703
25-06-2015,41,20744
26-06-2015,36,20780
27-06-2015,22,20802
28-06-2015,32,20834
29-06-2015,46,20880
30-06-2015,39,20919
01-07-2015,44,20963
02-07-2015,36,20999
03-07-2015,54,21053
04-07-2015,37,21090
05-07-2015,32,21122
06-07-2015,40,21162
07-07-2015,61,21223
08-07-2015,47,21270
09-07-2015,39,21309
10-07-2015,43,21352
11-07-2015,29,21381
12-07-2015,39,21420
13-07-2015,33,21453
14-07-2015,59,21512
15-07-2015,48,21560
16-07-2015,57,21617
17-07-2015,48,21665
18-07-2015,54,21719
19-07-2015,51,21770
20-07-2015,46,21816
21-07-2015,50,21866
22-07-2015,42,21908
23-07-2015,49,21957
24-07-2015,51,22008
25-07-2015,34,22042
26-07-2015,22,22064
27-07-2015,46,22110
28-07-2015,49,22159
29-07-2015,31,22190
30-07-2015,32,22222
31-07-2015,42,22264
01-08-2015,25,22289
02-08-2015,28,22317
03-08-2015,31,22348
04-08-2015,56,22404
05-08-2015,45,22449
06-08-2015,62,22511
07-08-2015,42,22553
08-08-2015,25,22578
09-08-2015,22,22600
10-08-2015,49,22649
11-08-2015,52,22701
12-08-2015,69,22770
13-08-2015,51,22821
14-08-2015,43,22864
15-08-2015,20,22884
16-08-2015,18,22902
17-08-2015,37,22939
18-08-2015,42,22981
19-08-2015,45,23026
20-08-2015,35,23061
21-08-2015,47,23108
22-08-2015,22,23130
23-08-2015,24,23154
24-08-2015,38,23192
25-08-2015,43,23235
26-08-2015,40,23275
27-08-2015,57,23332
28-08-2015,42,23374
29-08-2015,33,23407
30-08-2015,28,23435
31-08-2015,41,23476
01-09-2015,40,23516
02-09-2015,36,23552
03-09-2015,45,23597
04-09-2015,31,23628
05-09-2015,28,23656
06-09-2015,37,23693
07-09-2015,42,23735
08-09-2015,57,23792
09-09-2015,42,23834
10-09-2015,48,23882
11-09-2015,48,23930
12-09-2015,23,23953
13-09-2015,22,23975
14-09-2015,52,24027
15-09-2015,117,24144
16-09-2015,77,24221
17-09-2015,60,24281
18-09-2015,60,24341
19-09-2015,28,24369
20-09-2015,29,24398
21-09-2015,58,24456
22-09-2015,59,24515
23-09-2015,51,24566
24-09-2015,74,24640
25-09-2015,68,24708
26-09-2015,27,24735
27-09-2015,36,24771
28-09-2015,55,24826
29-09-2015,45,24871
30-09-2015,54,24925
01-10-2015,39,24964
02-10-2015,48,25012
03-10-2015,29,25041
04-10-2015,31,25072
05-10-2015,45,25117
06-10-2015,54,25171
07-10-2015,88,25259
08-10-2015,83,25342
09-10-2015,58,25400
10-10-2015,37,25437
11-10-2015,31,25468
12-10-2015,49,25517
13-10-2015,83,25600
14-10-2015,59,25659
15-10-2015,49,25708
16-10-2015,57,25765
17-10-2015,37,25802
18-10-2015,24,25826
19-10-2015,60,25886
20-10-2015,53,25939
21-10-2015,72,26011
22-10-2015,67,26078
23-10-2015,34,26112
24-10-2015,26,26138
25-10-2015,26,26164
26-10-2015,57,26221
27-10-2015,51,26272
28-10-2015,53,26325
29-10-2015,72,26397
30-10-2015,66,26463
31-10-2015,28,26491
01-11-2015,29,26520
02-11-2015,47,26567
03-11-2015,62,26629
04-11-2015,54,26683
05-11-2015,62,26745
06-11-2015,48,26793
07-11-2015,33,26826
08-11-2015,44,26870
09-11-2015,60,26930
10-11-2015,62,26992
11-11-2015,40,27032
12-11-2015,62,27094
13-11-2015,60,27154
14-11-2015,37,27191
15-11-2015,33,27224
16-11-2015,45,27269
17-11-2015,51,27320
18-11-2015,53,27373
19-11-2015,49,27422
20-11-2015,57,27479
21-11-2015,33,27512
22-11-2015,36,27548
23-11-2015,53,27601
24-11-2015,65,27666
25-11-2015,59,27725
26-11-2015,70,27795
27-11-2015,61,27856
28-11-2015,34,27890
29-11-2015,39,27929
30-11-2015,60,27989
01-12-2015,61,28050
02-12-2015,63,28113
03-12-2015,53,28166
04-12-2015,51,28217
05-12-2015,46,28263
06-12-2015,42,28305
07-12-2015,43,28348
08-12-2015,49,28397
09-12-2015,63,28460
10-12-2015,56,28516
11-12-2015,52,28568
12-12-2015,33,28601
13-12-2015,31,28632
14-12-2015,52,28684
15-12-2015,63,28747
16-12-2015,55,28802
17-12-2015,66,28868
18-12-2015,59,28927
19-12-2015,30,28957
20-12-2015,31,28988
21-12-2015,64,29052
22-12-2015,43,29095
23-12-2015,48,29143
24-12-2015,41,29184
25-12-2015,39,29223
26-12-2015,33,29256
27-12-2015,26,29282
28-12-2015,53,29335
29-12-2015,68,29403
30-12-2015,44,29447
31-12-2015,47,29494
01-01-2016,22,29516
02-01-2016,35,29551
03-01-2016,41,29592
04-01-2016,56,29648
05-01-2016,66,29714
06-01-2016,75,29789
07-01-2016,71,29860
08-01-2016,66,29926
09-01-2016,39,29965
10-01-2016,34,29999
11-01-2016,58,30057
12-01-2016,77,30134
13-01-2016,56,30190
14-01-2016,71,30261
15-01-2016,54,30315
16-01-2016,34,30349
17-01-2016,49,30398
18-01-2016,53,30451
19-01-2016,68,30519
20-01-2016,52,30571
21-01-2016,61,30632
22-01-2016,71,30703
23-01-2016,34,30737
24-01-2016,34,30771
25-01-2016,48,30819
26-01-2016,47,30866
27-01-2016,48,30914
28-01-2016,64,30978
29-01-2016,54,31032
30-01-2016,22,31054
31-01-2016,34,31088
01-02-2016,45,31133
02-02-2016,53,31186
03-02-2016,42,31228
04-02-2016,52,31280
05-02-2016,46,31326
06-02-2016,25,31351
07-02-2016,30,31381
08-02-2016,23,31404
09-02-2016,34,31438
10-02-2016,38,31476
11-02-2016,37,31513
12-02-2016,31,31544
13-02-2016,20,31564
14-02-2016,31,31595
15-02-2016,45,31640
16-02-2016,62,31702
17-02-2016,64,31766
18-02-2016,56,31822
19-02-2016,59,31881
20-02-2016,38,31919
21-02-2016,35,31954
22-02-2016,63,32017
23-02-2016,73,32090
24-02-2016,69,32159
25-02-2016,65,32224
26-02-2016,69,32293
27-02-2016,43,32336
28-02-2016,49,32385
29-02-2016,73,32458
01-03-2016,65,32523
02-03-2016,73,32596
03-03-2016,53,32649
04-03-2016,59,32708
05-03-2016,46,32754
06-03-2016,36,32790
07-03-2016,66,32856
08-03-2016,63,32919
09-03-2016,63,32982
10-03-2016,56,33038
11-03-2016,43,33081
12-03-2016,50,33131
13-03-2016,59,33190
14-03-2016,71,33261
15-03-2016,78,33339
16-03-2016,54,33393
17-03-2016,72,33465
18-03-2016,92,33557
19-03-2016,44,33601
20-03-2016,42,33643
21-03-2016,135,33778
22-03-2016,102,33880
23-03-2016,79,33959
24-03-2016,64,34023
25-03-2016,54,34077
26-03-2016,36,34113
27-03-2016,34,34147
28-03-2016,48,34195
29-03-2016,79,34274
30-03-2016,67,34341
31-03-2016,51,34392
01-04-2016,52,34444
02-04-2016,37,34481
03-04-2016,28,34509
04-04-2016,42,34551
05-04-2016,39,34590
06-04-2016,50,34640
07-04-2016,101,34741
08-04-2016,129,34870
09-04-2016,45,34915
10-04-2016,50,34965
11-04-2016,93,35058
12-04-2016,68,35126
13-04-2016,69,35195
14-04-2016,87,35282
15-04-2016,63,35345
16-04-2016,36,35381
17-04-2016,34,35415
18-04-2016,43,35458
19-04-2016,88,35546
20-04-2016,73,35619
21-04-2016,57,35676
22-04-2016,54,35730
23-04-2016,44,35774
24-04-2016,46,35820
25-04-2016,58,35878
26-04-2016,64,35942
27-04-2016,73,36015
28-04-2016,52,36067
29-04-2016,64,36131
30-04-2016,31,36162
01-05-2016,35,36197
02-05-2016,33,36230
03-05-2016,62,36292
04-05-2016,51,36343
05-05-2016,55,36398
06-05-2016,52,36450
07-05-2016,32,36482
08-05-2016,30,36512
09-05-2016,46,36558
10-05-2016,42,36600
11-05-2016,59,36659
12-05-2016,46,36705
13-05-2016,43,36748
14-05-2016,38,36786
15-05-2016,31,36817
16-05-2016,41,36858
17-05-2016,48,36906
18-05-2016,48,36954
19-05-2016,57,37011
20-05-2016,50,37061
21-05-2016,37,37098
22-05-2016,34,37132
23-05-2016,48,37180
24-05-2016,60,37240
25-05-2016,55,37295
26-05-2016,50,37345
27-05-2016,65,37410
28-05-2016,32,37442
29-05-2016,26,37468
30-05-2016,63,37531
31-05-2016,60,37591
01-06-2016,57,37648
02-06-2016,57,37705
03-06-2016,43,37748
04-06-2016,32,37780
05-06-2016,30,37810
06-06-2016,46,37856
07-06-2016,48,37904
08-06-2016,53,37957
09-06-2016,30,37987
10-06-2016,38,38025
11-06-2016,33,38058
12-06-2016,34,38092
13-06-2016,48,38140
14-06-2016,59,38199
15-06-2016,79,38278
16-06-2016,73,38351
17-06-2016,71,38422
18-06-2016,21,38443
19-06-2016,34,38477
20-06-2016,53,38530
21-06-2016,63,38593
22-06-2016,65,38658
23-06-2016,60,38718
24-06-2016,44,38762
25-06-2016,29,38791
26-06-2016,27,38818
27-06-2016,46,38864
28-06-2016,60,38924
29-06-2016,50,38974
30-06-2016,54,39028
01-07-2016,55,39083
02-07-2016,33,39116
03-07-2016,43,39159
04-07-2016,52,39211
05-07-2016,65,39276
06-07-2016,75,39351
07-07-2016,69,39420
08-07-2016,49,39469
09-07-2016,40,39509
10-07-2016,37,39546
11-07-2016,64,39610
12-07-2016,66,39676
13-07-2016,58,39734
14-07-2016,70,39804
15-07-2016,52,39856
16-07-2016,32,39888
17-07-2016,39,39927
18-07-2016,69,39996
19-07-2016,71,40067
20-07-2016,77,40144
21-07-2016,68,40212
22-07-2016,69,40281
23-07-2016,61,40342
24-07-2016,49,40391
25-07-2016,74,40465
26-07-2016,73,40538
27-07-2016,55,40593
28-07-2016,49,40642
29-07-2016,88,40730
30-07-2016,47,40777
31-07-2016,29,40806
01-08-2016,63,40869
02-08-2016,66,40935
03-08-2016,56,40991
04-08-2016,53,41044
05-08-2016,59,41103
06-08-2016,34,41137
07-08-2016,38,41175
08-08-2016,52,41227
09-08-2016,50,41277
10-08-2016,60,41337
11-08-2016,40,41377
12-08-2016,49,41426
13-08-2016,28,41454
14-08-2016,24,41478
15-08-2016,47,41525
16-08-2016,77,41602
17-08-2016,75,41677
18-08-2016,51,41728
19-08-2016,57,41785
20-08-2016,31,41816
21-08-2016,38,41854
22-08-2016,56,41910
23-08-2016,63,41973
24-08-2016,67,42040
25-08-2016,77,42117
26-08-2016,76,42193
27-08-2016,38,42231
28-08-2016,39,42270
29-08-2016,82,42352
30-08-2016,52,42404
31-08-2016,64,42468
01-09-2016,53,42521
02-09-2016,49,42570
03-09-2016,26,42596
04-09-2016,24,42620
05-09-2016,59,42679
06-09-2016,62,42741
07-09-2016,63,42804
08-09-2016,68,42872
09-09-2016,53,42925
10-09-2016,34,42959
11-09-2016,33,42992
12-09-2016,56,43048
13-09-2016,49,43097
14-09-2016,53,43150
15-09-2016,67,43217
16-09-2016,70,43287
17-09-2016,39,43326
18-09-2016,46,43372
19-09-2016,64,43436
20-09-2016,68,43504
21-09-2016,53,43557
22-09-2016,70,43627
23-09-2016,82,43709
24-09-2016,39,43748
25-09-2016,32,43780
26-09-2016,66,43846
27-09-2016,48,43894
28-09-2016,451,44345
29-09-2016,224,44569
30-09-2016,121,44690
01-10-2016,49,44739
02-10-2016,42,44781
03-10-2016,67,44848
04-10-2016,74,44922
05-10-2016,66,44988
06-10-2016,53,45041
07-10-2016,79,45120
08-10-2016,62,45182
09-10-2016,47,45229
10-10-2016,65,45294
11-10-2016,81,45375
12-10-2016,93,45468
13-10-2016,67,45535
14-10-2016,51,45586
15-10-2016,38,45624
16-10-2016,32,45656
17-10-2016,56,45712
18-10-2016,92,45804
19-10-2016,88,45892
20-10-2016,86,45978
21-10-2016,72,46050
22-10-2016,45,46095
23-10-2016,50,46145
24-10-2016,85,46230
25-10-2016,81,46311
26-10-2016,66,46377
27-10-2016,80,46457
28-10-2016,64,46521
29-10-2016,36,46557
30-10-2016,37,46594
31-10-2016,66,46660
01-11-2016,70,46730
02-11-2016,72,46802
03-11-2016,93,46895
04-11-2016,85,46980
05-11-2016,48,47028
06-11-2016,58,47086
07-11-2016,75,47161
08-11-2016,68,47229
09-11-2016,61,47290
10-11-2016,82,47372
11-11-2016,53,47425
12-11-2016,30,47455
13-11-2016,46,47501
14-11-2016,56,47557
15-11-2016,72,47629
16-11-2016,96,47725
17-11-2016,94,47819
18-11-2016,70,47889
19-11-2016,64,47953
20-11-2016,43,47996
21-11-2016,68,48064
22-11-2016,57,48121
23-11-2016,61,48182
24-11-2016,54,48236
25-11-2016,41,48277
26-11-2016,27,48304
27-11-2016,38,48342
28-11-2016,62,48404
29-11-2016,70,48474
30-11-2016,51,48525
01-12-2016,63,48588
02-12-2016,47,48635
03-12-2016,43,48678
04-12-2016,29,48707
05-12-2016,54,48761
06-12-2016,72,48833
07-12-2016,68,48901
08-12-2016,68,48969
09-12-2016,50,49019
10-12-2016,27,49046
11-12-2016,37,49083
12-12-2016,61,49144
13-12-2016,65,49209
14-12-2016,73,49282
15-12-2016,44,49326
16-12-2016,56,49382
17-12-2016,41,49423
18-12-2016,26,49449
19-12-2016,52,49501
20-12-2016,53,49554
21-12-2016,94,49648
22-12-2016,92,49740
23-12-2016,64,49804
24-12-2016,23,49827
25-12-2016,27,49854
26-12-2016,45,49899
27-12-2016,68,49967
28-12-2016,49,50016
29-12-2016,74,50090
30-12-2016,100,50190
31-12-2016,32,50222
01-01-2017,26,50248
02-01-2017,36,50284
03-01-2017,66,50350
04-01-2017,73,50423
05-01-2017,67,50490
06-01-2017,54,50544
07-01-2017,56,50600
08-01-2017,41,50641
09-01-2017,66,50707
10-01-2017,64,50771
11-01-2017,70,50841
12-01-2017,86,50927
13-01-2017,71,50998
14-01-2017,35,51033
15-01-2017,31,51064
16-01-2017,56,51120
17-01-2017,56,51176
18-01-2017,75,51251
19-01-2017,90,51341
20-01-2017,78,51419
21-01-2017,23,51442
22-01-2017,48,51490
23-01-2017,60,51550
24-01-2017,101,51651
25-01-2017,67,51718
26-01-2017,74,51792
27-01-2017,42,51834
28-01-2017,40,51874
29-01-2017,32,51906
30-01-2017,50,51956
31-01-2017,50,52006
01-02-2017,53,52059
02-02-2017,59,52118
03-02-2017,51,52169
04-02-2017,61,52230
05-02-2017,59,52289
06-02-2017,66,52355
07-02-2017,63,52418
08-02-2017,60,52478
09-02-2017,79,52557
10-02-2017,71,52628
11-02-2017,44,52672
12-02-2017,38,52710
13-02-2017,97,52807
14-02-2017,70,52877
15-02-2017,53,52930
16-02-2017,65,52995
17-02-2017,65,53060
18-02-2017,44,53104
19-02-2017,58,53162
20-02-2017,114,53276
21-02-2017,108,53384
22-02-2017,69,53453
23-02-2017,84,53537
24-02-2017,82,53619
25-02-2017,47,53666
26-02-2017,54,53720
27-02-2017,76,53796
28-02-2017,82,53878
01-03-2017,130,54008
02-03-2017,96,54104
03-03-2017,79,54183
04-03-2017,46,54229
05-03-2017,38,54267
06-03-2017,65,54332
07-03-2017,65,54397
08-03-2017,79,54476
09-03-2017,78,54554
10-03-2017,86,54640
11-03-2017,41,54681
12-03-2017,44,54725
13-03-2017,68,54793
14-03-2017,79,54872
15-03-2017,79,54951
16-03-2017,93,55044
17-03-2017,63,55107
18-03-2017,41,55148
19-03-2017,52,55200
20-03-2017,84,55284
21-03-2017,87,55371
22-03-2017,74,55445
23-03-2017,107,55552
24-03-2017,114,55666
25-03-2017,49,55715
26-03-2017,56,55771
27-03-2017,87,55858
28-03-2017,89,55947
29-03-2017,76,56023
30-03-2017,68,56091
31-03-2017,77,56168
01-04-2017,35,56203
02-04-2017,33,56236
03-04-2017,35,56271
04-04-2017,51,56322
05-04-2017,71,56393
06-04-2017,71,56464
07-04-2017,76,56540
08-04-2017,47,56587
09-04-2017,50,56637
10-04-2017,105,56742
11-04-2017,80,56822
12-04-2017,66,56888
13-04-2017,75,56963
14-04-2017,78,57041
15-04-2017,67,57108
16-04-2017,46,57154
17-04-2017,68,57222
18-04-2017,91,57313
19-04-2017,120,57433
20-04-2017,103,57536
21-04-2017,78,57614
22-04-2017,68,57682
23-04-2017,50,57732
24-04-2017,70,57802
25-04-2017,86,57888
26-04-2017,75,57963
27-04-2017,104,58067
28-04-2017,60,58127
29-04-2017,34,58161
30-04-2017,47,58208
01-05-2017,42,58250
02-05-2017,65,58315
03-05-2017,102,58417
04-05-2017,90,58507
05-05-2017,66,58573
06-05-2017,49,58622
07-05-2017,36,58658
08-05-2017,62,58720
09-05-2017,101,58821
10-05-2017,74,58895
11-05-2017,71,58966
12-05-2017,78,59044
13-05-2017,36,59080
14-05-2017,51,59131
15-05-2017,57,59188
16-05-2017,88,59276
17-05-2017,70,59346
18-05-2017,103,59449
19-05-2017,56,59505
20-05-2017,47,59552
21-05-2017,41,59593
22-05-2017,70,59663
23-05-2017,86,59749
24-05-2017,85,59834
25-05-2017,70,59904
26-05-2017,67,59971
27-05-2017,69,60040
28-05-2017,31,60071
29-05-2017,50,60121
30-05-2017,55,60176
31-05-2017,75,60251
01-06-2017,58,60309
02-06-2017,74,60383
03-06-2017,29,60412
04-06-2017,37,60449
05-06-2017,79,60528
06-06-2017,67,60595
07-06-2017,100,60695
08-06-2017,88,60783
09-06-2017,98,60881
10-06-2017,50,60931
11-06-2017,39,60970
12-06-2017,72,61042
13-06-2017,68,61110
14-06-2017,77,61187
15-06-2017,88,61275
16-06-2017,55,61330
17-06-2017,42,61372
18-06-2017,37,61409
19-06-2017,68,61477
20-06-2017,85,61562
21-06-2017,77,61639
22-06-2017,78,61717
23-06-2017,90,61807
24-06-2017,49,61856
25-06-2017,32,61888
26-06-2017,56,61944
27-06-2017,88,62032
28-06-2017,86,62118
29-06-2017,92,62210
30-06-2017,101,62311
01-07-2017,57,62368
02-07-2017,65,62433
03-07-2017,87,62520
04-07-2017,86,62606
05-07-2017,94,62700
06-07-2017,69,62769
07-07-2017,84,62853
08-07-2017,42,62895
09-07-2017,35,62930
10-07-2017,69,62999
11-07-2017,69,63068
12-07-2017,79,63147
13-07-2017,83,63230
14-07-2017,74,63304
15-07-2017,51,63355
16-07-2017,51,63406
17-07-2017,72,63478
18-07-2017,98,63576
19-07-2017,90,63666
20-07-2017,91,63757
21-07-2017,82,63839
22-07-2017,54,63893
23-07-2017,56,63949
24-07-2017,79,64028
25-07-2017,91,64119
26-07-2017,104,64223
27-07-2017,163,64386
28-07-2017,81,64467
29-07-2017,51,64518
30-07-2017,41,64559
31-07-2017,91,64650
01-08-2017,82,64732
02-08-2017,89,64821
03-08-2017,83,64904
04-08-2017,81,64985
05-08-2017,47,65032
06-08-2017,49,65081
07-08-2017,81,65162
08-08-2017,84,65246
09-08-2017,84,65330
10-08-2017,82,65412
11-08-2017,88,65500
12-08-2017,38,65538
13-08-2017,32,65570
14-08-2017,64,65634
15-08-2017,63,65697
16-08-2017,76,65773
17-08-2017,69,65842
18-08-2017,75,65917
19-08-2017,50,65967
20-08-2017,31,65998
21-08-2017,66,66064
22-08-2017,90,66154
23-08-2017,73,66227
24-08-2017,83,66310
25-08-2017,65,66375
26-08-2017,40,66415
27-08-2017,37,66452
28-08-2017,62,66514
29-08-2017,88,66602
30-08-2017,73,66675
31-08-2017,73,66748
01-09-2017,91,66839
02-09-2017,51,66890
03-09-2017,49,66939
04-09-2017,73,67012
05-09-2017,67,67079
06-09-2017,98,67177
07-09-2017,121,67298
08-09-2017,84,67382
09-09-2017,44,67426
10-09-2017,43,67469
11-09-2017,73,67542
12-09-2017,71,67613
13-09-2017,59,67672
14-09-2017,70,67742
15-09-2017,75,67817
16-09-2017,49,67866
17-09-2017,48,67914
18-09-2017,99,68013
19-09-2017,98,68111
20-09-2017,81,68192
21-09-2017,63,68255
22-09-2017,59,68314
23-09-2017,90,68404
24-09-2017,56,68460
25-09-2017,97,68557
26-09-2017,136,68693
27-09-2017,167,68860
28-09-2017,127,68987
29-09-2017,130,69117
30-09-2017,87,69204
01-10-2017,83,69287
02-10-2017,77,69364
03-10-2017,70,69434
04-10-2017,67,69501
05-10-2017,67,69568
06-10-2017,58,69626
07-10-2017,49,69675
08-10-2017,38,69713
09-10-2017,74,69787
10-10-2017,155,69942
11-10-2017,138,70080
12-10-2017,164,70244
13-10-2017,134,70378
14-10-2017,69,70447
15-10-2017,43,70490
16-10-2017,107,70597
17-10-2017,89,70686
18-10-2017,82,70768
19-10-2017,96,70864
20-10-2017,92,70956
21-10-2017,53,71009
22-10-2017,49,71058
23-10-2017,85,71143
24-10-2017,100,71243
25-10-2017,100,71343
26-10-2017,114,71457
27-10-2017,95,71552
28-10-2017,62,71614
29-10-2017,49,71663
30-10-2017,77,71740
31-10-2017,85,71825
01-11-2017,76,71901
02-11-2017,84,71985
03-11-2017,95,72080
04-11-2017,54,72134
05-11-2017,51,72185
06-11-2017,71,72256
07-11-2017,71,72327
08-11-2017,126,72453
09-11-2017,113,72566
10-11-2017,78,72644
11-11-2017,48,72692
12-11-2017,59,72751
13-11-2017,106,72857
14-11-2017,105,72962
15-11-2017,91,73053
16-11-2017,77,73130
17-11-2017,76,73206
18-11-2017,45,73251
19-11-2017,50,73301
20-11-2017,94,73395
21-11-2017,106,73501
22-11-2017,95,73596
23-11-2017,73,73669
24-11-2017,70,73739
25-11-2017,41,73780
26-11-2017,35,73815
27-11-2017,69,73884
28-11-2017,82,73966
29-11-2017,97,74063
30-11-2017,97,74160
01-12-2017,88,74248
02-12-2017,47,74295
03-12-2017,45,74340
04-12-2017,81,74421
05-12-2017,77,74498
06-12-2017,79,74577
07-12-2017,95,74672
08-12-2017,89,74761
09-12-2017,40,74801
10-12-2017,44,74845
11-12-2017,89,74934
12-12-2017,75,75009
13-12-2017,100,75109
14-12-2017,66,75175
15-12-2017,81,75256
16-12-2017,64,75320
17-12-2017,56,75376
18-12-2017,70,75446
19-12-2017,71,75517
20-12-2017,88,75605
21-12-2017,69,75674
22-12-2017,70,75744
23-12-2017,38,75782
24-12-2017,41,75823
25-12-2017,42,75865
26-12-2017,61,75926
27-12-2017,75,76001
28-12-2017,70,76071
29-12-2017,75,76146
30-12-2017,47,76193
31-12-2017,35,76228
01-01-2018,40,76268
02-01-2018,69,76337
03-01-2018,91,76428
04-01-2018,73,76501
05-01-2018,93,76594
06-01-2018,51,76645
07-01-2018,46,76691
08-01-2018,100,76791
09-01-2018,90,76881
10-01-2018,90,76971
11-01-2018,98,77069
12-01-2018,75,77144
13-01-2018,47,77191
14-01-2018,54,77245
15-01-2018,92,77337
16-01-2018,109,77446
17-01-2018,125,77571
18-01-2018,95,77666
19-01-2018,78,77744
20-01-2018,53,77797
21-01-2018,48,77845
22-01-2018,102,77947
23-01-2018,101,78048
24-01-2018,98,78146
25-01-2018,104,78250
26-01-2018,102,78352
27-01-2018,59,78411
28-01-2018,55,78466
29-01-2018,97,78563
30-01-2018,95,78658
31-01-2018,105,78763
01-02-2018,97,78860
02-02-2018,79,78939
03-02-2018,52,78991
04-02-2018,48,79039
05-02-2018,88,79127
06-02-2018,82,79209
07-02-2018,100,79309
08-02-2018,80,79389
09-02-2018,88,79477
10-02-2018,51,79528
11-02-2018,59,79587
12-02-2018,87,79674
13-02-2018,79,79753
14-02-2018,59,79812
15-02-2018,49,79861
16-02-2018,52,79913
17-02-2018,47,79960
18-02-2018,45,80005
19-02-2018,55,80060
20-02-2018,76,80136
21-02-2018,64,80200
22-02-2018,81,80281
23-02-2018,82,80363
24-02-2018,67,80430
25-02-2018,47,80477
26-02-2018,86,80563
27-02-2018,94,80657
28-02-2018,91,80748
01-03-2018,109,80857
02-03-2018,99,80956
03-03-2018,54,81010
04-03-2018,65,81075
05-03-2018,78,81153
06-03-2018,103,81256
07-03-2018,106,81362
08-03-2018,103,81465
09-03-2018,93,81558
10-03-2018,58,81616
11-03-2018,57,81673
12-03-2018,81,81754
13-03-2018,84,81838
14-03-2018,102,81940
15-03-2018,76,82016
16-03-2018,94,82110
17-03-2018,65,82175
18-03-2018,73,82248
19-03-2018,99,82347
20-03-2018,115,82462
21-03-2018,99,82561
22-03-2018,115,82676
23-03-2018,110,82786
24-03-2018,68,82854
25-03-2018,57,82911
26-03-2018,87,82998
27-03-2018,98,83096
28-03-2018,96,83192
29-03-2018,86,83278
30-03-2018,121,83399
31-03-2018,68,83467
01-04-2018,65,83532
02-04-2018,106,83638
03-04-2018,109,83747
04-04-2018,127,83874
05-04-2018,82,83956
06-04-2018,73,84029
07-04-2018,49,84078
08-04-2018,67,84145
09-04-2018,87,84232
10-04-2018,101,84333
11-04-2018,98,84431
12-04-2018,92,84523
13-04-2018,77,84600
14-04-2018,63,84663
15-04-2018,58,84721
16-04-2018,88,84809
17-04-2018,81,84890
18-04-2018,89,84979
19-04-2018,105,85084
20-04-2018,83,85167
21-04-2018,53,85220
22-04-2018,49,85269
23-04-2018,68,85337
24-04-2018,92,85429
25-04-2018,86,85515
26-04-2018,89,85604
27-04-2018,100,85704
28-04-2018,49,85753
29-04-2018,42,85795
30-04-2018,69,85864
01-05-2018,63,85927
02-05-2018,68,85995
03-05-2018,73,86068
04-05-2018,74,86142
05-05-2018,49,86191
06-05-2018,58,86249
07-05-2018,70,86319
08-05-2018,94,86413
09-05-2018,78,86491
10-05-2018,74,86565
11-05-2018,64,86629
12-05-2018,39,86668
13-05-2018,43,86711
14-05-2018,85,86796
15-05-2018,92,86888
16-05-2018,86,86974
17-05-2018,100,87074
18-05-2018,112,87186
19-05-2018,55,87241
20-05-2018,43,87284
21-05-2018,84,87368
22-05-2018,77,87445
23-05-2018,99,87544
24-05-2018,109,87653
25-05-2018,101,87754
26-05-2018,67,87821
27-05-2018,46,87867
28-05-2018,75,87942
29-05-2018,98,88040
30-05-2018,87,88127
31-05-2018,80,88207
01-06-2018,78,88285
02-06-2018,60,88345
03-06-2018,46,88391
04-06-2018,97,88488
05-06-2018,92,88580
06-06-2018,91,88671
07-06-2018,79,88750
08-06-2018,113,88863
09-06-2018,71,88934
10-06-2018,45,88979
11-06-2018,81,89060
12-06-2018,89,89149
13-06-2018,111,89260
14-06-2018,128,89388
15-06-2018,2890,92278
16-06-2018,541,92819
17-06-2018,390,93209
18-06-2018,636,93845
19-06-2018,390,94235
20-06-2018,273,94508
21-06-2018,243,94751
22-06-2018,170,94921
23-06-2018,81,95002
24-06-2018,66,95068
25-06-2018,147,95215
26-06-2018,119,95334
27-06-2018,123,95457
28-06-2018,125,95582
29-06-2018,124,95706
30-06-2018,66,95772
01-07-2018,43,95815
02-07-2018,103,95918
03-07-2018,112,96030
04-07-2018,113,96143
05-07-2018,99,96242
06-07-2018,99,96341
07-07-2018,57,96398
08-07-2018,48,96446
09-07-2018,97,96543
10-07-2018,109,96652
11-07-2018,116,96768
12-07-2018,92,96860
13-07-2018,86,96946
14-07-2018,44,96990
15-07-2018,38,97028
16-07-2018,98,97126
17-07-2018,73,97199
18-07-2018,98,97297
19-07-2018,96,97393
20-07-2018,91,97484
21-07-2018,57,97541
22-07-2018,65,97606
23-07-2018,76,97682
24-07-2018,100,97782
25-07-2018,79,97861
26-07-2018,96,97957
27-07-2018,79,98036
28-07-2018,41,98077
29-07-2018,36,98113
30-07-2018,81,98194
31-07-2018,82,98276
01-08-2018,97,98373
02-08-2018,82,98455
03-08-2018,132,98587
04-08-2018,50,98637
05-08-2018,61,98698
06-08-2018,100,98798
07-08-2018,81,98879
08-08-2018,79,98958
09-08-2018,90,99048
10-08-2018,63,99111
11-08-2018,55,99166
12-08-2018,38,99204
13-08-2018,76,99280
14-08-2018,97,99377
15-08-2018,72,99449
16-08-2018,78,99527
17-08-2018,71,99598
18-08-2018,51,99649
19-08-2018,59,99708
20-08-2018,82,99790
21-08-2018,93,99883
22-08-2018,96,99979
23-08-2018,98,100077
24-08-2018,69,100146
25-08-2018,40,100186
26-08-2018,50,100236
27-08-2018,87,100323
28-08-2018,83,100406
29-08-2018,72,100478
30-08-2018,87,100565
31-08-2018,95,100660
01-09-2018,104,100764
02-09-2018,54,100818
03-09-2018,73,100891
04-09-2018,95,100986
05-09-2018,72,101058
06-09-2018,117,101175
07-09-2018,117,101292
08-09-2018,44,101336
09-09-2018,67,101403
10-09-2018,86,101489
11-09-2018,93,101582
12-09-2018,89,101671
13-09-2018,75,101746
14-09-2018,70,101816
15-09-2018,45,101861
16-09-2018,31,101892
17-09-2018,75,101967
18-09-2018,86,102053
19-09-2018,83,102136
20-09-2018,77,102213
21-09-2018,71,102284
22-09-2018,78,102362
23-09-2018,37,102399
24-09-2018,57,102456
25-09-2018,69,102525
26-09-2018,80,102605
27-09-2018,52,102657
28-09-2018,78,102735
29-09-2018,46,102781
30-09-2018,63,102844
01-10-2018,50,102894
02-10-2018,68,102962
03-10-2018,51,103013
04-10-2018,55,103068
05-10-2018,58,103126
06-10-2018,32,103158
07-10-2018,39,103197
08-10-2018,62,103259
09-10-2018,85,103344
10-10-2018,66,103410
11-10-2018,61,103471
12-10-2018,76,103547
13-10-2018,46,103593
14-10-2018,51,103644
15-10-2018,62,103706
16-10-2018,95,103801
17-10-2018,83,103884
18-10-2018,67,103951
19-10-2018,91,104042
20-10-2018,51,104093
21-10-2018,62,104155
22-10-2018,71,104226
23-10-2018,98,104324
24-10-2018,98,104422
25-10-2018,83,104505
26-10-2018,104,104609
27-10-2018,54,104663
28-10-2018,49,104712
29-10-2018,85,104797
30-10-2018,78,104875
31-10-2018,85,104960
01-11-2018,88,105048
02-11-2018,81,105129
03-11-2018,50,105179
04-11-2018,44,105223
05-11-2018,88,105311
06-11-2018,90,105401
07-11-2018,75,105476
08-11-2018,92,105568
09-11-2018,68,105636
10-11-2018,47,105683
11-11-2018,47,105730
12-11-2018,55,105785
13-11-2018,91,105876
14-11-2018,98,105974
15-11-2018,92,106066
16-11-2018,89,106155
17-11-2018,47,106202
18-11-2018,49,106251
19-11-2018,77,106328
20-11-2018,65,106393
21-11-2018,87,106480
22-11-2018,75,106555
23-11-2018,70,106625
24-11-2018,43,106668
25-11-2018,52,106720
26-11-2018,95,106815
27-11-2018,111,106926
28-11-2018,115,107041
29-11-2018,99,107140
30-11-2018,76,107216
01-12-2018,42,107258
02-12-2018,38,107296
03-12-2018,88,107384
04-12-2018,85,107469
05-12-2018,75,107544
06-12-2018,78,107622
07-12-2018,61,107683
08-12-2018,44,107727
09-12-2018,38,107765
10-12-2018,83,107848
11-12-2018,66,107914
12-12-2018,82,107996
13-12-2018,85,108081
14-12-2018,75,108156
15-12-2018,38,108194
16-12-2018,41,108235
17-12-2018,76,108311
18-12-2018,80,108391
19-12-2018,89,108480
20-12-2018,92,108572
21-12-2018,90,108662
22-12-2018,50,108712
23-12-2018,57,108769
24-12-2018,59,108828
25-12-2018,58,108886
26-12-2018,84,108970
27-12-2018,77,109047
28-12-2018,80,109127
29-12-2018,61,109188
30-12-2018,42,109230
31-12-2018,30,109260
01-01-2019,35,109295
02-01-2019,68,109363
03-01-2019,69,109432
04-01-2019,77,109509
05-01-2019,50,109559
06-01-2019,44,109603
07-01-2019,72,109675
08-01-2019,99,109774
09-01-2019,87,109861
10-01-2019,107,109968
11-01-2019,88,110056
12-01-2019,78,110134
13-01-2019,59,110193
14-01-2019,93,110286
15-01-2019,105,110391
16-01-2019,87,110478
17-01-2019,101,110579
18-01-2019,64,110643
19-01-2019,54,110697
20-01-2019,47,110744
21-01-2019,84,110828
22-01-2019,78,110906
23-01-2019,86,110992
24-01-2019,107,111099
25-01-2019,87,111186
26-01-2019,54,111240
27-01-2019,51,111291
28-01-2019,86,111377
29-01-2019,80,111457
30-01-2019,115,111572
31-01-2019,85,111657
01-02-2019,72,111729
02-02-2019,53,111782
03-02-2019,57,111839
04-02-2019,92,111931
05-02-2019,91,112022
06-02-2019,120,112142
07-02-2019,98,112240
08-02-2019,76,112316
09-02-2019,69,112385
10-02-2019,49,112434
11-02-2019,81,112515
12-02-2019,95,112610
13-02-2019,84,112694
14-02-2019,79,112773
15-02-2019,74,112847
16-02-2019,54,112901
17-02-2019,50,112951
18-02-2019,81,113032
19-02-2019,84,113116
20-02-2019,81,113197
21-02-2019,97,113294
22-02-2019,76,113370
23-02-2019,48,113418
24-02-2019,48,113466
25-02-2019,85,113551
26-02-2019,79,113630
27-02-2019,75,113705
28-02-2019,80,113785
01-03-2019,88,113873
02-03-2019,45,113918
03-03-2019,41,113959
04-03-2019,74,114033
05-03-2019,80,114113
06-03-2019,85,114198
07-03-2019,88,114286
08-03-2019,79,114365
09-03-2019,72,114437
10-03-2019,53,114490
11-03-2019,84,114574
12-03-2019,86,114660
13-03-2019,91,114751
14-03-2019,68,114819
15-03-2019,87,114906
16-03-2019,55,114961
17-03-2019,49,115010
18-03-2019,84,115094
19-03-2019,103,115197
20-03-2019,82,115279
21-03-2019,82,115361
22-03-2019,103,115464
23-03-2019,73,115537
24-03-2019,47,115584
25-03-2019,81,115665
26-03-2019,93,115758
27-03-2019,98,115856
28-03-2019,122,115978
29-03-2019,157,116135
30-03-2019,51,116186
31-03-2019,80,116266
01-04-2019,128,116394
02-04-2019,116,116510
03-04-2019,95,116605
04-04-2019,88,116693
05-04-2019,65,116758
06-04-2019,52,116810
07-04-2019,44,116854
08-04-2019,78,116932
09-04-2019,85,117017
10-04-2019,94,117111
11-04-2019,101,117212
12-04-2019,77,117289
13-04-2019,51,117340
14-04-2019,61,117401
15-04-2019,85,117486
16-04-2019,72,117558
17-04-2019,84,117642
18-04-2019,91,117733
19-04-2019,65,117798
20-04-2019,41,117839
21-04-2019,43,117882
22-04-2019,65,117947
23-04-2019,84,118031
24-04-2019,75,118106
25-04-2019,95,118201
26-04-2019,77,118278
27-04-2019,45,118323
28-04-2019,68,118391
29-04-2019,78,118469
30-04-2019,76,118545
01-05-2019,47,118592
02-05-2019,63,118655
03-05-2019,63,118718
04-05-2019,45,118763
05-05-2019,46,118809
06-05-2019,71,118880
07-05-2019,72,118952
08-05-2019,70,119022
09-05-2019,82,119104
10-05-2019,97,119201
11-05-2019,54,119255
12-05-2019,44,119299
13-05-2019,76,119375
14-05-2019,86,119461
15-05-2019,84,119545
16-05-2019,74,119619
17-05-2019,59,119678
18-05-2019,44,119722
19-05-2019,43,119765
20-05-2019,75,119840
21-05-2019,80,119920
22-05-2019,95,120015
23-05-2019,75,120090
24-05-2019,88,120178
25-05-2019,69,120247
26-05-2019,48,120295
27-05-2019,63,120358
28-05-2019,68,120426
29-05-2019,77,120503
30-05-2019,63,120566
31-05-2019,67,120633
01-06-2019,54,120687
02-06-2019,38,120725
03-06-2019,72,120797
04-06-2019,58,120855
05-06-2019,70,120925
06-06-2019,71,120996
07-06-2019,58,121054
08-06-2019,35,121089
09-06-2019,40,121129
10-06-2019,65,121194
11-06-2019,75,121269
12-06-2019,60,121329
13-06-2019,80,121409
14-06-2019,70,121479
15-06-2019,43,121522
16-06-2019,44,121566
17-06-2019,68,121634
18-06-2019,77,121711
19-06-2019,71,121782
20-06-2019,70,121852
21-06-2019,44,121896
22-06-2019,35,121931
23-06-2019,39,121970
24-06-2019,58,122028
25-06-2019,52,122080
26-06-2019,61,122141
27-06-2019,63,122204
28-06-2019,53,122257
29-06-2019,42,122299
30-06-2019,27,122326
01-07-2019,52,122378
02-07-2019,83,122461
03-07-2019,58,122519
04-07-2019,61,122580
05-07-2019,58,122638
06-07-2019,34,122672
07-07-2019,37,122709
08-07-2019,51,122760
09-07-2019,75,122835
10-07-2019,69,122904
11-07-2019,77,122981
12-07-2019,55,123036
13-07-2019,51,123087
14-07-2019,29,123116
15-07-2019,62,123178
16-07-2019,66,123244
17-07-2019,69,123313
18-07-2019,74,123387
19-07-2019,62,123449
20-07-2019,36,123485
21-07-2019,29,123514
22-07-2019,68,123582
23-07-2019,58,123640
24-07-2019,68,123708
25-07-2019,78,123786
26-07-2019,67,123853
27-07-2019,32,123885
28-07-2019,41,123926
29-07-2019,61,123987
30-07-2019,65,124052
31-07-2019,74,124126
01-08-2019,74,124200
02-08-2019,54,124254
03-08-2019,49,124303
04-08-2019,26,124329
05-08-2019,57,124386
06-08-2019,69,124455
07-08-2019,61,124516
08-08-2019,77,124593
09-08-2019,88,124681
10-08-2019,30,124711
11-08-2019,37,124748
12-08-2019,55,124803
13-08-2019,70,124873
14-08-2019,69,124942
15-08-2019,64,125006
16-08-2019,74,125080
17-08-2019,27,125107
18-08-2019,39,125146
19-08-2019,82,125228
20-08-2019,77,125305
21-08-2019,70,125375
22-08-2019,61,125436
23-08-2019,50,125486
24-08-2019,38,125524
25-08-2019,35,125559
26-08-2019,64,125623
27-08-2019,58,125681
28-08-2019,48,125729
29-08-2019,48,125777
30-08-2019,43,125820
31-08-2019,35,125855
01-09-2019,44,125899
02-09-2019,66,125965
03-09-2019,62,126027
04-09-2019,68,126095
05-09-2019,68,126163
06-09-2019,47,126210
07-09-2019,40,126250
08-09-2019,32,126282
09-09-2019,58,126340
10-09-2019,56,126396
11-09-2019,60,126456
12-09-2019,69,126525
13-09-2019,64,126589
14-09-2019,35,126624
15-09-2019,41,126665
16-09-2019,61,126726
17-09-2019,64,126790
18-09-2019,60,126850
19-09-2019,56,126906
20-09-2019,61,126967
21-09-2019,48,127015
22-09-2019,42,127057
23-09-2019,66,127123
24-09-2019,61,127184
25-09-2019,61,127245
26-09-2019,67,127312
27-09-2019,80,127392
28-09-2019,36,127428
29-09-2019,43,127471
30-09-2019,62,127533
01-10-2019,53,127586
02-10-2019,49,127635
03-10-2019,54,127689
04-10-2019,52,127741
05-10-2019,57,127798
06-10-2019,40,127838
07-10-2019,40,127878
08-10-2019,68,127946
09-10-2019,68,128014
10-10-2019,68,128082
11-10-2019,63,128145
12-10-2019,41,128186
13-10-2019,41,128227
14-10-2019,70,128297
15-10-2019,61,128358
16-10-2019,54,128412
17-10-2019,58,128470
18-10-2019,80,128550
19-10-2019,35,128585
20-10-2019,26,128611
21-10-2019,62,128673
22-10-2019,59,128732
23-10-2019,71,128803
24-10-2019,63,128866
25-10-2019,69,128935
26-10-2019,48,128983
27-10-2019,26,129009
28-10-2019,57,129066
29-10-2019,72,129138
30-10-2019,62,129200
31-10-2019,63,129263
01-11-2019,55,129318
02-11-2019,31,129349
03-11-2019,29,129378
04-11-2019,58,129436
05-11-2019,74,129510
06-11-2019,67,129577
07-11-2019,65,129642
08-11-2019,55,129697
09-11-2019,31,129728
10-11-2019,38,129766
11-11-2019,45,129811
12-11-2019,45,129856
13-11-2019,78,129934
14-11-2019,53,129987
15-11-2019,53,130040
16-11-2019,39,130079
17-11-2019,34,130113
18-11-2019,51,130164
19-11-2019,75,130239
20-11-2019,68,130307
21-11-2019,60,130367
22-11-2019,90,130457
23-11-2019,37,130494
24-11-2019,41,130535
25-11-2019,55,130590
26-11-2019,48,130638
27-11-2019,53,130691
28-11-2019,56,130747
29-11-2019,45,130792
30-11-2019,42,130834
01-12-2019,34,130868
02-12-2019,47,130915
03-12-2019,63,130978
04-12-2019,66,131044
05-12-2019,58,131102
06-12-2019,48,131150
07-12-2019,33,131183
08-12-2019,32,131215
09-12-2019,63,131278
10-12-2019,54,131332
11-12-2019,39,131371
12-12-2019,53,131424
13-12-2019,53,131477
14-12-2019,36,131513
15-12-2019,37,131550
16-12-2019,50,131600
17-12-2019,52,131652
18-12-2019,58,131710
19-12-2019,62,131772
20-12-2019,48,131820
21-12-2019,28,131848
22-12-2019,24,131872
23-12-2019,52,131924
24-12-2019,56,131980
25-12-2019,43,132023
26-12-2019,51,132074
27-12-2019,52,132126
28-12-2019,34,132160
29-12-2019,41,132201
30-12-2019,43,132244
31-12-2019,44,132288
01-01-2020,30,132318
02-01-2020,44,132362
03-01-2020,51,132413
04-01-2020,48,132461
05-01-2020,39,132500
06-01-2020,62,132562
07-01-2020,69,132631
08-01-2020,54,132685
09-01-2020,51,132736
10-01-2020,63,132799
11-01-2020,28,132827
12-01-2020,33,132860
13-01-2020,57,132917
14-01-2020,57,132974
15-01-2020,71,133045
16-01-2020,65,133110
17-01-2020,55,133165
18-01-2020,38,133203
19-01-2020,44,133247
20-01-2020,65,133312
21-01-2020,54,133366
22-01-2020,52,133418
23-01-2020,44,133462
24-01-2020,42,133504
25-01-2020,19,133523
26-01-2020,24,133547
27-01-2020,55,133602
28-01-2020,44,133646
29-01-2020,46,133692
30-01-2020,38,133730
31-01-2020,49,133779
01-02-2020,27,133806
02-02-2020,28,133834
03-02-2020,40,133874
04-02-2020,40,133914
05-02-2020,62,133976
06-02-2020,57,134033
07-02-2020,47,134080
08-02-2020,45,134125
09-02-2020,31,134156
10-02-2020,40,134196
11-02-2020,44,134240
12-02-2020,61,134301
13-02-2020,63,134364
14-02-2020,39,134403
15-02-2020,27,134430
16-02-2020,53,134483
17-02-2020,61,134544
18-02-2020,63,134607
19-02-2020,85,134692
20-02-2020,63,134755
21-02-2020,39,134794
22-02-2020,47,134841
23-02-2020,33,134874
24-02-2020,45,134919
25-02-2020,55,134974
26-02-2020,68,135042
27-02-2020,54,135096
28-02-2020,67,135163
29-02-2020,56,135219
01-03-2020,36,135255
02-03-2020,57,135312
03-03-2020,38,135350
04-03-2020,62,135412
05-03-2020,47,135459
06-03-2020,65,135524
07-03-2020,48,135572
08-03-2020,46,135618
09-03-2020,57,135675
10-03-2020,76,135751
11-03-2020,69,135820
12-03-2020,53,135873
13-03-2020,49,135922
14-03-2020,36,135958
15-03-2020,34,135992
16-03-2020,38,136030
17-03-2020,57,136087
18-03-2020,59,136146
19-03-2020,55,136201
20-03-2020,58,136259
21-03-2020,44,136303
22-03-2020,48,136351
23-03-2020,61,136412
24-03-2020,52,136464
25-03-2020,42,136506
26-03-2020,52,136558
27-03-2020,65,136623
28-03-2020,40,136663
29-03-2020,34,136697
30-03-2020,69,136766
31-03-2020,54,136820
01-04-2020,54,136874
02-04-2020,68,136942
03-04-2020,63,137005
04-04-2020,47,137052
05-04-2020,52,137104
06-04-2020,58,137162
07-04-2020,61,137223
08-04-2020,68,137291
09-04-2020,64,137355
10-04-2020,73,137428
11-04-2020,43,137471
12-04-2020,40,137511
13-04-2020,53,137564
14-04-2020,58,137622
15-04-2020,62,137684
16-04-2020,76,137760
17-04-2020,74,137834
18-04-2020,59,137893
19-04-2020,44,137937
20-04-2020,78,138015
21-04-2020,56,138071
22-04-2020,79,138150
23-04-2020,65,138215
24-04-2020,64,138279
25-04-2020,52,138331
26-04-2020,55,138386
27-04-2020,67,138453
28-04-2020,64,138517
29-04-2020,63,138580
30-04-2020,65,138645
01-05-2020,54,138699
02-05-2020,59,138758
03-05-2020,58,138816
04-05-2020,42,138858
05-05-2020,58,138916
06-05-2020,69,138985
07-05-2020,66,139051
08-05-2020,60,139111
09-05-2020,63,139174
10-05-2020,53,139227
11-05-2020,69,139296
12-05-2020,61,139357
13-05-2020,69,139426
14-05-2020,80,139506
15-05-2020,70,139576
16-05-2020,55,139631
17-05-2020,48,139679
18-05-2020,53,139732
19-05-2020,72,139804
20-05-2020,58,139862
21-05-2020,63,139925
22-05-2020,62,139987
23-05-2020,51,140038
24-05-2020,50,140088
25-05-2020,70,140158
26-05-2020,66,140224
27-05-2020,63,140287
28-05-2020,77,140364
29-05-2020,77,140441
30-05-2020,44,140485
31-05-2020,57,140542
01-06-2020,67,140609
02-06-2020,54,140663
03-06-2020,85,140748
04-06-2020,64,140812
05-06-2020,48,140860
06-06-2020,42,140902
07-06-2020,58,140960
08-06-2020,68,141028
09-06-2020,57,141085
10-06-2020,78,141163
11-06-2020,63,141226
12-06-2020,47,141273
13-06-2020,53,141326
14-06-2020,42,141368
15-06-2020,61,141429
16-06-2020,64,141493
17-06-2020,54,141547
18-06-2020,62,141609
19-06-2020,56,141665
20-06-2020,48,141713
21-06-2020,44,141757
22-06-2020,67,141824
23-06-2020,56,141880
24-06-2020,62,141942
25-06-2020,52,141994
26-06-2020,44,142038
27-06-2020,28,142066
28-06-2020,39,142105
29-06-2020,53,142158
30-06-2020,74,142232
01-07-2020,55,142287
02-07-2020,63,142350
03-07-2020,72,142422
04-07-2020,43,142465
05-07-2020,45,142510
06-07-2020,59,142569
07-07-2020,62,142631
08-07-2020,59,142690
09-07-2020,61,142751
10-07-2020,72,142823
11-07-2020,79,142902
12-07-2020,57,142959
13-07-2020,59,143018
14-07-2020,47,143065
15-07-2020,65,143130
16-07-2020,64,143194
17-07-2020,69,143263
18-07-2020,52,143315
19-07-2020,67,143382
20-07-2020,77,143459
21-07-2020,75,143534
22-07-2020,91,143625
23-07-2020,73,143698
24-07-2020,71,143769
25-07-2020,49,143818
26-07-2020,53,143871
27-07-2020,66,143937
28-07-2020,59,143996
29-07-2020,70,144066
30-07-2020,75,144141
31-07-2020,61,144202
01-08-2020,52,144254
02-08-2020,43,144297
03-08-2020,63,144360
04-08-2020,68,144428
05-08-2020,61,144489
06-08-2020,71,144560
07-08-2020,63,144623
08-08-2020,44,144667
09-08-2020,54,144721
10-08-2020,72,144793
11-08-2020,107,144900
12-08-2020,89,144989
13-08-2020,83,145072
14-08-2020,102,145174
15-08-2020,36,145210
16-08-2020,58,145268
17-08-2020,71,145339
18-08-2020,57,145396
19-08-2020,60,145456
20-08-2020,69,145525
21-08-2020,57,145582
22-08-2020,33,145615
23-08-2020,38,145653
24-08-2020,60,145713
25-08-2020,62,145775
26-08-2020,66,145841
27-08-2020,49,145890
28-08-2020,63,145953
29-08-2020,37,145990
30-08-2020,51,146041
31-08-2020,56,146097
01-09-2020,66,146163
02-09-2020,58,146221
03-09-2020,66,146287
04-09-2020,65,146352
05-09-2020,50,146402
06-09-2020,41,146443
07-09-2020,51,146494
08-09-2020,64,146558
09-09-2020,77,146635
10-09-2020,67,146702
11-09-2020,71,146773
12-09-2020,54,146827
13-09-2020,39,146866
14-09-2020,54,146920
15-09-2020,55,146975
16-09-2020,58,147033
17-09-2020,58,147091
18-09-2020,59,147150
19-09-2020,38,147188
20-09-2020,37,147225
21-09-2020,51,147276
22-09-2020,60,147336
23-09-2020,65,147401
24-09-2020,52,147453
25-09-2020,57,147510
26-09-2020,40,147550
27-09-2020,52,147602
28-09-2020,57,147659
29-09-2020,75,147734
30-09-2020,62,147796
01-10-2020,43,147839
02-10-2020,55,147894
03-10-2020,43,147937
04-10-2020,28,147965
05-10-2020,56,148021
06-10-2020,61,148082
07-10-2020,44,148126
08-10-2020,55,148181
09-10-2020,53,148234
10-10-2020,42,148276
11-10-2020,37,148313
12-10-2020,64,148377
13-10-2020,60,148437
14-10-2020,40,148477
15-10-2020,57,148534
16-10-2020,63,148597
17-10-2020,38,148635
18-10-2020,42,148677
19-10-2020,49,148726
20-10-2020,58,148784
21-10-2020,65,148849
22-10-2020,110,148959
23-10-2020,104,149063
24-10-2020,61,149124
25-10-2020,42,149166
26-10-2020,55,149221
27-10-2020,80,149301
28-10-2020,60,149361
29-10-2020,59,149420
30-10-2020,51,149471
31-10-2020,35,149506
01-11-2020,36,149542
02-11-2020,50,149592
03-11-2020,62,149654
04-11-2020,47,149701
05-11-2020,43,149744
06-11-2020,51,149795
07-11-2020,46,149841
08-11-2020,38,149879
09-11-2020,49,149928
10-11-2020,49,149977
11-11-2020,47,150024
12-11-2020,50,150074
13-11-2020,71,150145
14-11-2020,50,150195
15-11-2020,52,150247
16-11-2020,47,150294
17-11-2020,64,150358
18-11-2020,75,150433
19-11-2020,45,150478
20-11-2020,53,150531
21-11-2020,41,150572
22-11-2020,38,150610
23-11-2020,58,150668
24-11-2020,61,150729
25-11-2020,55,150784
26-11-2020,55,150839
27-11-2020,65,150904
28-11-2020,51,150955
29-11-2020,41,150996
30-11-2020,53,151049
01-12-2020,56,151105
02-12-2020,65,151170
03-12-2020,60,151230
04-12-2020,53,151283
05-12-2020,33,151316
06-12-2020,36,151352
07-12-2020,61,151413
08-12-2020,53,151466
09-12-2020,66,151532
10-12-2020,60,151592
11-12-2020,53,151645
12-12-2020,55,151700
13-12-2020,40,151740
14-12-2020,72,151812
15-12-2020,67,151879
16-12-2020,58,151937
17-12-2020,54,151991
18-12-2020,49,152040
19-12-2020,39,152079
20-12-2020,54,152133
21-12-2020,69,152202
22-12-2020,65,152267
23-12-2020,52,152319
24-12-2020,42,152361
25-12-2020,56,152417
26-12-2020,35,152452
27-12-2020,43,152495
28-12-2020,46,152541
29-12-2020,54,152595
30-12-2020,61,152656
31-12-2020,42,152698
01-01-2021,40,152738
02-01-2021,43,152781
03-01-2021,32,152813
04-01-2021,56,152869
05-01-2021,58,152927
06-01-2021,62,152989
07-01-2021,61,153050
08-01-2021,52,153102
09-01-2021,32,153134
10-01-2021,31,153165
11-01-2021,43,153208
12-01-2021,50,153258
13-01-2021,58,153316
14-01-2021,62,153378
15-01-2021,51,153429
16-01-2021,52,153481
17-01-2021,50,153531
18-01-2021,44,153575
19-01-2021,82,153657
20-01-2021,51,153708
21-01-2021,53,153761
22-01-2021,52,153813
23-01-2021,47,153860
24-01-2021,38,153898
25-01-2021,75,153973
26-01-2021,60,154033
27-01-2021,50,154083
28-01-2021,64,154147
29-01-2021,49,154196
30-01-2021,36,154232
31-01-2021,41,154273
01-02-2021,48,154321
02-02-2021,60,154381
03-02-2021,51,154432
04-02-2021,59,154491
05-02-2021,73,154564
06-02-2021,57,154621
07-02-2021,48,154669
08-02-2021,51,154720
09-02-2021,48,154768
10-02-2021,53,154821
11-02-2021,52,154873
12-02-2021,47,154920
13-02-2021,52,154972
14-02-2021,37,155009
15-02-2021,62,155071
16-02-2021,45,155116
17-02-2021,44,155160
18-02-2021,46,155206
19-02-2021,57,155263
20-02-2021,59,155322
21-02-2021,36,155358
22-02-2021,50,155408
23-02-2021,55,155463
24-02-2021,68,155531
25-02-2021,45,155576
26-02-2021,54,155630
27-02-2021,33,155663
28-02-2021,36,155699
01-03-2021,56,155755
02-03-2021,63,155818
03-03-2021,48,155866
04-03-2021,59,155925
05-03-2021,69,155994
06-03-2021,50,156044
07-03-2021,52,156096
08-03-2021,60,156156
09-03-2021,70,156226
10-03-2021,72,156298
11-03-2021,61,156359
12-03-2021,58,156417
13-03-2021,45,156462
14-03-2021,46,156508
15-03-2021,61,156569
16-03-2021,53,156622
17-03-2021,47,156669
18-03-2021,68,156737
19-03-2021,51,156788
20-03-2021,39,156827
21-03-2021,47,156874
22-03-2021,51,156925
23-03-2021,70,156995
24-03-2021,128,157123
25-03-2021,119,157242
26-03-2021,65,157307
27-03-2021,33,157340
28-03-2021,47,157387
29-03-2021,66,157453
30-03-2021,61,157514
31-03-2021,58,157572
01-04-2021,49,157621
02-04-2021,48,157669
03-04-2021,33,157702
04-04-2021,46,157748
05-04-2021,50,157798
06-04-2021,56,157854
07-04-2021,63,157917
08-04-2021,55,157972
09-04-2021,50,158022
10-04-2021,37,158059
11-04-2021,39,158098
12-04-2021,50,158148
13-04-2021,59,158207
14-04-2021,49,158256
15-04-2021,43,158299
16-04-2021,48,158347
17-04-2021,45,158392
18-04-2021,57,158449
19-04-2021,65,158514
20-04-2021,47,158561
21-04-2021,47,158608
22-04-2021,76,158684
23-04-2021,59,158743
24-04-2021,41,158784
25-04-2021,43,158827
26-04-2021,44,158871
27-04-2021,69,158940
28-04-2021,72,159012
29-04-2021,50,159062
30-04-2021,58,159120
01-05-2021,34,159154
02-05-2021,33,159187
03-05-2021,33,159220
04-05-2021,57,159277
05-05-2021,52,159329
06-05-2021,47,159376
07-05-2021,55,159431
08-05-2021,47,159478
09-05-2021,37,159515
10-05-2021,48,159563
11-05-2021,47,159610
12-05-2021,48,159658
13-05-2021,50,159708
14-05-2021,46,159754
15-05-2021,48,159802
16-05-2021,45,159847
17-05-2021,50,159897
18-05-2021,61,159958
19-05-2021,58,160016
20-05-2021,48,160064
21-05-2021,46,160110
22-05-2021,44,160154
23-05-2021,45,160199
24-05-2021,60,160259
25-05-2021,54,160313
26-05-2021,49,160362
27-05-2021,51,160413
28-05-2021,43,160456
29-05-2021,47,160503
30-05-2021,48,160551
31-05-2021,47,160598
01-06-2021,67,160665
02-06-2021,62,160727
03-06-2021,51,160778
04-06-2021,41,160819
05-06-2021,35,160854
06-06-2021,49,160903
07-06-2021,52,160955
08-06-2021,59,161014
09-06-2021,67,161081
10-06-2021,55,161136
11-06-2021,63,161199
12-06-2021,49,161248
13-06-2021,50,161298
14-06-2021,55,161353
15-06-2021,57,161410
16-06-2021,49,161459
17-06-2021,52,161511
18-06-2021,48,161559
19-06-2021,48,161607
20-06-2021,44,161651
21-06-2021,70,161721
22-06-2021,62,161783
23-06-2021,69,161852
24-06-2021,49,161901
25-06-2021,61,161962
26-06-2021,44,162006
27-06-2021,33,162039
28-06-2021,44,162083
29-06-2021,56,162139
30-06-2021,39,162178
01-07-2021,77,162255
02-07-2021,58,162313
03-07-2021,27,162340
04-07-2021,46,162386
05-07-2021,60,162446
06-07-2021,46,162492
07-07-2021,60,162552
08-07-2021,59,162611
09-07-2021,56,162667
10-07-2021,44,162711
11-07-2021,28,162739
12-07-2021,40,162779
13-07-2021,43,162822
14-07-2021,72,162894
15-07-2021,62,162956
16-07-2021,47,163003
17-07-2021,47,163050
18-07-2021,42,163092
19-07-2021,56,163148
20-07-2021,49,163197
21-07-2021,53,163250
22-07-2021,62,163312
23-07-2021,60,163372
24-07-2021,44,163416
25-07-2021,44,163460
26-07-2021,58,163518
27-07-2021,58,163576
28-07-2021,49,163625
29-07-2021,63,163688
30-07-2021,45,163733
31-07-2021,41,163774
01-08-2021,29,163803
02-08-2021,44,163847
03-08-2021,57,163904
04-08-2021,51,163955
05-08-2021,50,164005
06-08-2021,47,164052
07-08-2021,40,164092
08-08-2021,37,164129
09-08-2021,54,164183
10-08-2021,78,164261
11-08-2021,79,164340
12-08-2021,73,164413
13-08-2021,56,164469
14-08-2021,50,164519
15-08-2021,42,164561
16-08-2021,59,164620
17-08-2021,52,164672
18-08-2021,67,164739
19-08-2021,76,164815
20-08-2021,58,164873
21-08-2021,42,164915
22-08-2021,46,164961
23-08-2021,54,165015
24-08-2021,59,165074
25-08-2021,66,165140
26-08-2021,57,165197
27-08-2021,62,165259
28-08-2021,51,165310
29-08-2021,54,165364
30-08-2021,65,165429
31-08-2021,53,165482
01-09-2021,66,165548
02-09-2021,46,165594
03-09-2021,61,165655
04-09-2021,35,165690
05-09-2021,47,165737
06-09-2021,56,165793
07-09-2021,65,165858
08-09-2021,56,165914
09-09-2021,62,165976
10-09-2021,69,166045
11-09-2021,50,166095
12-09-2021,57,166152
13-09-2021,53,166205
14-09-2021,57,166262
15-09-2021,64,166326
16-09-2021,60,166386
17-09-2021,56,166442
18-09-2021,44,166486
19-09-2021,40,166526
20-09-2021,58,166584
21-09-2021,59,166643
22-09-2021,58,166701
23-09-2021,66,166767
24-09-2021,59,166826
25-09-2021,46,166872
26-09-2021,54,166926
27-09-2021,46,166972
28-09-2021,65,167037
29-09-2021,54,167091
30-09-2021,43,167134
01-10-2021,27,167161
02-10-2021,39,167200
03-10-2021,35,167235
04-10-2021,54,167289
05-10-2021,48,167337
06-10-2021,51,167388
07-10-2021,39,167427
08-10-2021,61,167488
09-10-2021,45,167533
10-10-2021,36,167569
11-10-2021,64,167633
12-10-2021,64,167697
13-10-2021,56,167753
14-10-2021,39,167792
15-10-2021,37,167829
16-10-2021,40,167869
17-10-2021,40,167909
18-10-2021,58,167967
19-10-2021,50,168017
20-10-2021,48,168065
21-10-2021,57,168122
22-10-2021,56,168178
23-10-2021,39,168217
24-10-2021,49,168266
25-10-2021,72,168338
26-10-2021,60,168398
27-10-2021,62,168460
28-10-2021,84,168544
29-10-2021,58,168602
30-10-2021,40,168642
31-10-2021,45,168687
01-11-2021,60,168747
02-11-2021,54,168801
03-11-2021,72,168873
04-11-2021,48,168921
05-11-2021,65,168986
06-11-2021,46,169032
07-11-2021,33,169065
08-11-2021,41,169106
09-11-2021,58,169164
10-11-2021,49,169213
11-11-2021,51,169264
12-11-2021,43,169307
13-11-2021,35,169342
14-11-2021,30,169372
15-11-2021,51,169423
16-11-2021,52,169475
17-11-2021,54,169529
18-11-2021,53,169582
19-11-2021,54,169636
20-11-2021,36,169672
21-11-2021,47,169719
22-11-2021,58,169777
23-11-2021,40,169817
24-11-2021,60,169877
25-11-2021,42,169919
26-11-2021,44,169963
27-11-2021,39,170002
28-11-2021,41,170043
29-11-2021,57,170100
30-11-2021,42,170142
01-12-2021,49,170191
02-12-2021,44,170235
03-12-2021,60,170295
04-12-2021,50,170345
05-12-2021,40,170385
06-12-2021,56,170441
07-12-2021,53,170494
08-12-2021,66,170560
09-12-2021,69,170629
10-12-2021,79,170708
11-12-2021,52,170760
12-12-2021,47,170807
13-12-2021,60,170867
14-12-2021,53,170920
15-12-2021,69,170989
16-12-2021,64,171053
17-12-2021,68,171121
18-12-2021,54,171175
19-12-2021,40,171215
20-12-2021,53,171268
21-12-2021,55,171323
22-12-2021,66,171389
23-12-2021,50,171439
24-12-2021,41,171480
25-12-2021,39,171519
26-12-2021,39,171558
27-12-2021,58,171616
28-12-2021,57,171673
29-12-2021,48,171721
30-12-2021,66,171787
31-12-2021,32,171819
01-01-2022,52,171871
02-01-2022,34,171905
03-01-2022,49,171954
04-01-2022,61,172015
05-01-2022,75,172090
06-01-2022,54,172144
07-01-2022,67,172211
08-01-2022,50,172261
09-01-2022,60,172321
10-01-2022,68,172389
11-01-2022,70,172459
12-01-2022,58,172517
13-01-2022,60,172577
14-01-2022,51,172628
15-01-2022,57,172685
16-01-2022,35,172720
17-01-2022,64,172784
18-01-2022,72,172856
19-01-2022,86,172942
20-01-2022,54,172996
21-01-2022,74,173070
22-01-2022,54,173124
23-01-2022,46,173170
24-01-2022,56,173226
25-01-2022,69,173295
26-01-2022,69,173364
27-01-2022,68,173432
28-01-2022,63,173495
29-01-2022,52,173547
30-01-2022,58,173605
31-01-2022,52,173657
01-02-2022,49,173706
02-02-2022,62,173768
03-02-2022,49,173817
04-02-2022,49,173866
05-02-2022,39,173905
06-02-2022,52,173957
07-02-2022,57,174014
08-02-2022,63,174077
09-02-2022,65,174142
10-02-2022,67,174209
11-02-2022,78,174287
12-02-2022,52,174339
13-02-2022,51,174390
14-02-2022,60,174450
15-02-2022,64,174514
16-02-2022,67,174581
17-02-2022,56,174637
18-02-2022,67,174704
19-02-2022,51,174755
20-02-2022,47,174802
21-02-2022,58,174860
22-02-2022,59,174919
23-02-2022,48,174967
24-02-2022,57,175024
25-02-2022,56,175080
26-02-2022,35,175115
27-02-2022,52,175167
28-02-2022,48,175215
01-03-2022,47,175262
02-03-2022,59,175321
03-03-2022,264,175585
04-03-2022,235,175820
05-03-2022,155,175975
06-03-2022,82,176057
07-03-2022,89,176146
08-03-2022,87,176233
09-03-2022,72,176305
10-03-2022,79,176384
11-03-2022,64,176448
12-03-2022,55,176503
13-03-2022,49,176552
14-03-2022,61,176613
15-03-2022,49,176662
16-03-2022,62,176724
17-03-2022,62,176786
18-03-2022,54,176840
19-03-2022,54,176894
20-03-2022,44,176938
21-03-2022,64,177002
22-03-2022,78,177080
23-03-2022,69,177149
24-03-2022,85,177234
25-03-2022,52,177286
26-03-2022,51,177337
27-03-2022,63,177400
28-03-2022,83,177483
29-03-2022,127,177610
30-03-2022,151,177761
31-03-2022,147,177908
01-04-2022,127,178035
02-04-2022,70,178105
03-04-2022,50,178155
04-04-2022,65,178220
05-04-2022,60,178280
06-04-2022,67,178347
07-04-2022,54,178401
08-04-2022,71,178472
09-04-2022,56,178528
10-04-2022,59,178587
11-04-2022,58,178645
12-04-2022,75,178720
13-04-2022,62,178782
14-04-2022,74,178856
15-04-2022,71,178927
16-04-2022,54,178981
17-04-2022,47,179028
18-04-2022,61,179089
19-04-2022,61,179150
20-04-2022,63,179213
21-04-2022,63,179276
22-04-2022,53,179329
23-04-2022,57,179386
24-04-2022,49,179435
25-04-2022,52,179487
26-04-2022,46,179533
27-04-2022,72,179605
28-04-2022,56,179661
29-04-2022,62,179723
30-04-2022,52,179775
01-05-2022,46,179821
02-05-2022,45,179866
03-05-2022,62,179928
04-05-2022,62,179990
05-05-2022,61,180051
06-05-2022,67,180118
07-05-2022,51,180169
08-05-2022,42,180211
09-05-2022,58,180269
10-05-2022,60,180329
11-05-2022,54,180383
12-05-2022,53,180436
13-05-2022,47,180483
14-05-2022,32,180515
15-05-2022,34,180549
16-05-2022,66,180615
17-05-2022,57,180672
18-05-2022,52,180724
19-05-2022,68,180792
20-05-2022,42,180834
21-05-2022,57,180891
22-05-2022,45,180936
23-05-2022,52,180988
24-05-2022,71,181059
25-05-2022,58,181117
26-05-2022,80,181197
27-05-2022,78,181275
28-05-2022,82,181357
29-05-2022,73,181430
30-05-2022,57,181487
31-05-2022,54,181541
01-06-2022,64,181605
02-06-2022,74,181679
03-06-2022,41,181720
04-06-2022,38,181758
05-06-2022,47,181805
06-06-2022,43,181848
07-06-2022,54,181902
08-06-2022,59,181961
09-06-2022,48,182009
10-06-2022,71,182080
11-06-2022,47,182127
12-06-2022,32,182159
13-06-2022,54,182213
14-06-2022,61,182274
15-06-2022,68,182342
16-06-2022,170,182512
17-06-2022,167,182679
18-06-2022,82,182761
19-06-2022,58,182819
20-06-2022,82,182901
21-06-2022,65,182966
22-06-2022,67,183033
23-06-2022,64,183097
24-06-2022,58,183155
25-06-2022,48,183203
26-06-2022,44,183247
27-06-2022,57,183304
28-06-2022,66,183370
29-06-2022,60,183430
30-06-2022,65,183495
01-07-2022,39,183534
02-07-2022,39,183573
03-07-2022,37,183610
04-07-2022,48,183658
05-07-2022,45,183703
06-07-2022,67,183770
07-07-2022,69,183839
08-07-2022,53,183892
09-07-2022,41,183933
10-07-2022,44,183977
11-07-2022,48,184025
12-07-2022,71,184096
13-07-2022,49,184145
14-07-2022,80,184225
15-07-2022,55,184280
16-07-2022,46,184326
17-07-2022,46,184372
18-07-2022,44,184416
19-07-2022,73,184489
20-07-2022,56,184545
21-07-2022,62,184607
22-07-2022,63,184670
23-07-2022,40,184710
24-07-2022,42,184752
25-07-2022,57,184809
26-07-2022,71,184880
27-07-2022,77,184957
28-07-2022,66,185023
29-07-2022,95,185118
30-07-2022,125,185243
31-07-2022,70,185313
01-08-2022,50,185363
02-08-2022,75,185438
03-08-2022,75,185513
04-08-2022,78,185591
05-08-2022,59,185650
06-08-2022,42,185692
07-08-2022,54,185746
08-08-2022,76,185822
09-08-2022,50,185872
10-08-2022,64,185936
11-08-2022,64,186000
12-08-2022,49,186049
13-08-2022,54,186103
14-08-2022,35,186138
15-08-2022,48,186186
16-08-2022,66,186252
17-08-2022,67,186319
18-08-2022,62,186381
19-08-2022,40,186421
20-08-2022,64,186485
21-08-2022,49,186534
22-08-2022,63,186597
23-08-2022,52,186649
24-08-2022,71,186720
25-08-2022,68,186788
26-08-2022,56,186844
27-08-2022,41,186885
28-08-2022,38,186923
29-08-2022,62,186985
30-08-2022,73,187058
31-08-2022,57,187115
01-09-2022,73,187188
02-09-2022,49,187237
03-09-2022,39,187276
04-09-2022,39,187315
05-09-2022,50,187365
06-09-2022,54,187419
07-09-2022,57,187476
08-09-2022,56,187532
09-09-2022,47,187579
10-09-2022,38,187617
11-09-2022,43,187660
12-09-2022,48,187708
13-09-2022,48,187756
14-09-2022,52,187808
15-09-2022,66,187874
16-09-2022,62,187936
17-09-2022,36,187972
18-09-2022,37,188009
19-09-2022,59,188068
20-09-2022,55,188123
21-09-2022,56,188179
22-09-2022,65,188244
23-09-2022,53,188297
24-09-2022,36,188333
25-09-2022,39,188372
26-09-2022,49,188421
27-09-2022,55,188476
28-09-2022,44,188520
29-09-2022,50,188570
30-09-2022,52,188622
01-10-2022,32,188654
02-10-2022,39,188693
03-10-2022,45,188738
04-10-2022,34,188772
05-10-2022,38,188810
06-10-2022,45,188855
07-10-2022,45,188900
08-10-2022,32,188932
09-10-2022,28,188960
10-10-2022,62,189022
11-10-2022,57,189079
12-10-2022,55,189134
13-10-2022,42,189176
14-10-2022,51,189227
15-10-2022,65,189292
16-10-2022,62,189354
17-10-2022,60,189414
18-10-2022,63,189477
19-10-2022,59,189536
20-10-2022,56,189592
21-10-2022,55,189647
22-10-2022,48,189695
23-10-2022,51,189746
24-10-2022,57,189803
25-10-2022,65,189868
26-10-2022,65,189933
27-10-2022,102,190035
28-10-2022,88,190123
29-10-2022,47,190170
30-10-2022,49,190219
31-10-2022,48,190267
01-11-2022,46,190313
02-11-2022,67,190380
03-11-2022,49,190429
04-11-2022,52,190481
05-11-2022,41,190522
06-11-2022,53,190575
07-11-2022,54,190629
08-11-2022,49,190678
09-11-2022,50,190728
10-11-2022,55,190783
11-11-2022,40,190823
12-11-2022,25,190848
13-11-2022,38,190886
14-11-2022,54,190940
15-11-2022,50,190990
16-11-2022,63,191053
17-11-2022,58,191111
18-11-2022,47,191158
19-11-2022,34,191192
20-11-2022,40,191232
21-11-2022,57,191289
22-11-2022,68,191357
23-11-2022,54,191411
24-11-2022,40,191451
25-11-2022,51,191502
26-11-2022,52,191554
27-11-2022,66,191620
28-11-2022,59,191679
29-11-2022,60,191739
30-11-2022,50,191789
01-12-2022,51,191840
02-12-2022,48,191888
03-12-2022,50,191938
04-12-2022,34,191972
05-12-2022,53,192025
06-12-2022,49,192074
07-12-2022,41,192115
08-12-2022,68,192183
09-12-2022,57,192240
10-12-2022,38,192278
11-12-2022,41,192319
12-12-2022,69,192388
13-12-2022,51,192439
14-12-2022,43,192482
15-12-2022,50,192532
16-12-2022,50,192582
17-12-2022,34,192616
18-12-2022,39,192655
19-12-2022,59,192714
20-12-2022,53,192767
21-12-2022,59,192826
22-12-2022,47,192873
23-12-2022,45,192918
24-12-2022,29,192947
25-12-2022,33,192980
26-12-2022,35,193015
27-12-2022,47,193062
28-12-2022,52,193114
29-12-2022,47,193161
30-12-2022,39,193200
31-12-2022,27,193227
01-01-2023,42,193269
02-01-2023,42,193311
03-01-2023,55,193366
04-01-2023,62,193428
05-01-2023,54,193482
06-01-2023,58,193540
07-01-2023,48,193588
08-01-2023,44,193632
09-01-2023,71,193703
10-01-2023,57,193760
11-01-2023,73,193833
12-01-2023,62,193895
13-01-2023,53,193948
14-01-2023,44,193992
15-01-2023,51,194043
16-01-2023,65,194108
17-01-2023,35,194143
18-01-2023,65,194208
19-01-2023,55,194263
20-01-2023,53,194316
21-01-2023,39,194355
22-01-2023,47,194402
23-01-2023,52,194454
24-01-2023,50,194504
25-01-2023,41,194545
26-01-2023,44,194589
27-01-2023,53,194642
28-01-2023,52,194694
29-01-2023,55,194749
30-01-2023,58,194807
31-01-2023,65,194872
01-02-2023,73,194945
02-02-2023,62,195007
03-02-2023,56,195063
04-02-2023,37,195100
05-02-2023,35,195135
06-02-2023,64,195199
07-02-2023,54,195253
08-02-2023,48,195301
09-02-2023,62,195363
10-02-2023,77,195440
11-02-2023,130,195570
12-02-2023,81,195651
13-02-2023,87,195738
14-02-2023,89,195827
15-02-2023,88,195915
16-02-2023,87,196002
17-02-2023,90,196092
18-02-2023,63,196155
19-02-2023,55,196210
20-02-2023,76,196286
21-02-2023,61,196347
22-02-2023,80,196427
23-02-2023,64,196491
24-02-2023,46,196537
25-02-2023,49,196586
26-02-2023,48,196634
27-02-2023,57,196691
28-02-2023,64,196755
01-03-2023,57,196812
02-03-2023,53,196865
03-03-2023,62,196927
04-03-2023,40,196967
05-03-2023,66,197033
06-03-2023,80,197113
07-03-2023,69,197182
08-03-2023,72,197254
09-03-2023,66,197320
10-03-2023,52,197372
11-03-2023,54,197426
12-03-2023,56,197482
13-03-2023,53,197535
14-03-2023,63,197598
15-03-2023,50,197648
16-03-2023,78,197726
17-03-2023,125,197851
18-03-2023,56,197907
19-03-2023,68,197975
20-03-2023,74,198049
21-03-2023,89,198138
22-03-2023,74,198212
23-03-2023,76,198288
24-03-2023,66,198354
25-03-2023,63,198417
26-03-2023,58,198475
27-03-2023,68,198543
28-03-2023,62,198605
29-03-2023,64,198669
30-03-2023,86,198755
31-03-2023,74,198829
01-04-2023,49,198878
02-04-2023,56,198934
03-04-2023,65,198999
04-04-2023,71,199070
05-04-2023,116,199186
06-04-2023,87,199273
07-04-2023,72,199345
08-04-2023,52,199397
09-04-2023,33,199430
10-04-2023,63,199493
11-04-2023,53,199546
12-04-2023,79,199625
13-04-2023,55,199680
14-04-2023,56,199736
15-04-2023,52,199788
16-04-2023,35,199823
17-04-2023,65,199888
18-04-2023,61,199949
19-04-2023,61,200010
20-04-2023,52,200062
21-04-2023,58,200120
22-04-2023,39,200159
23-04-2023,51,200210
24-04-2023,74,200284
25-04-2023,68,200352
26-04-2023,78,200430
27-04-2023,57,200487
28-04-2023,70,200557
29-04-2023,31,200588
30-04-2023,46,200634
01-05-2023,53,200687
02-05-2023,53,200740
03-05-2023,60,200800
04-05-2023,72,200872
05-05-2023,64,200936
06-05-2023,55,200991
07-05-2023,57,201048
08-05-2023,62,201110
09-05-2023,57,201167
10-05-2023,69,201236
11-05-2023,78,201314
12-05-2023,58,201372
13-05-2023,53,201425
14-05-2023,48,201473
15-05-2023,78,201551
16-05-2023,67,201618
17-05-2023,59,201677
18-05-2023,55,201732
19-05-2023,54,201786
20-05-2023,48,201834
21-05-2023,49,201883
22-05-2023,54,201937
23-05-2023,72,202009
24-05-2023,74,202083
25-05-2023,49,202132
26-05-2023,62,202194
27-05-2023,43,202237
28-05-2023,46,202283
29-05-2023,77,202360
30-05-2023,59,202419
31-05-2023,70,202489
01-06-2023,71,202560
02-06-2023,71,202631
03-06-2023,52,202683
04-06-2023,41,202724
05-06-2023,76,202800
06-06-2023,55,202855
07-06-2023,48,202903
08-06-2023,37,202940
09-06-2023,59,202999
10-06-2023,43,203042
11-06-2023,38,203080
12-06-2023,42,203122
13-06-2023,53,203175
14-06-2023,62,203237
15-06-2023,54,203291
16-06-2023,65,203356
17-06-2023,60,203416
18-06-2023,40,203456
19-06-2023,57,203513
20-06-2023,41,203554
21-06-2023,50,203604
22-06-2023,53,203657
23-06-2023,54,203711
24-06-2023,40,203751
25-06-2023,38,203789
26-06-2023,53,203842
27-06-2023,63,203905
28-06-2023,46,203951
29-06-2023,63,204014
30-06-2023,50,204064
01-07-2023,47,204111
02-07-2023,39,204150
03-07-2023,48,204198
04-07-2023,68,204266
05-07-2023,45,204311
06-07-2023,63,204374
07-07-2023,48,204422
08-07-2023,37,204459
09-07-2023,32,204491
10-07-2023,50,204541
11-07-2023,51,204592
12-07-2023,48,204640
13-07-2023,46,204686
14-07-2023,63,204749
15-07-2023,50,204799
16-07-2023,47,204846
17-07-2023,52,204898
18-07-2023,50,204948
19-07-2023,59,205007
20-07-2023,51,205058
21-07-2023,61,205119
22-07-2023,45,205164
23-07-2023,26,205190
24-07-2023,47,205237
25-07-2023,53,205290
26-07-2023,45,205335
27-07-2023,64,205399
28-07-2023,53,205452
29-07-2023,40,205492
30-07-2023,44,205536
31-07-2023,51,205587
01-08-2023,46,205633
02-08-2023,50,205683
03-08-2023,58,205741
04-08-2023,53,205794
05-08-2023,42,205836
06-08-2023,37,205873
07-08-2023,55,205928
08-08-2023,53,205981
09-08-2023,58,206039
10-08-2023,49,206088
11-08-2023,44,206132
12-08-2023,50,206182
13-08-2023,39,206221
14-08-2023,43,206264
15-08-2023,68,206332
16-08-2023,61,206393
17-08-2023,48,206441
18-08-2023,57,206498
19-08-2023,37,206535
20-08-2023,35,206570
21-08-2023,38,206608
22-08-2023,45,206653
23-08-2023,49,206702
24-08-2023,53,206755
25-08-2023,49,206804
26-08-2023,30,206834
27-08-2023,40,206874
28-08-2023,63,206937
29-08-2023,43,206980
30-08-2023,41,207021
31-08-2023,52,207073
01-09-2023,40,207113
02-09-2023,46,207159
03-09-2023,35,207194
04-09-2023,51,207245
05-09-2023,85,207330
06-09-2023,100,207430
07-09-2023,49,207479
08-09-2023,50,207529
09-09-2023,46,207575
10-09-2023,46,207621
11-09-2023,55,207676
12-09-2023,46,207722
13-09-2023,58,207780
14-09-2023,45,207825
15-09-2023,42,207867
16-09-2023,39,207906
17-09-2023,36,207942
18-09-2023,42,207984
19-09-2023,45,208029
20-09-2023,41,208070
21-09-2023,50,208120
22-09-2023,45,208165
23-09-2023,35,208200
24-09-2023,32,208232
25-09-2023,43,208275
26-09-2023,58,208333
27-09-2023,40,208373
28-09-2023,55,208428
29-09-2023,37,208465
30-09-2023,37,208502
01-10-2023,32,208534
02-10-2023,47,208581
03-10-2023,33,208614
04-10-2023,43,208657
05-10-2023,43,208700
06-10-2023,31,208731
07-10-2023,34,208765
08-10-2023,48,208813
09-10-2023,53,208866
10-10-2023,47,208913
11-10-2023,37,208950
12-10-2023,36,208986
13-10-2023,36,209022
14-10-2023,32,209054
15-10-2023,29,209083
16-10-2023,34,209117
17-10-2023,52,209169
18-10-2023,46,209215
19-10-2023,36,209251
20-10-2023,42,209293
21-10-2023,26,209319
22-10-2023,34,209353
23-10-2023,43,209396
24-10-2023,56,209452
25-10-2023,52,209504
26-10-2023,46,209550
27-10-2023,45,209595
28-10-2023,25,209620
29-10-2023,38,209658
30-10-2023,37,209695
31-10-2023,69,209764
01-11-2023,48,209812
02-11-2023,46,209858
03-11-2023,48,209906
04-11-2023,21,209927
05-11-2023,32,209959
06-11-2023,44,210003
07-11-2023,43,210046
08-11-2023,55,210101
09-11-2023,39,210140
10-11-2023,41,210181
11-11-2023,32,210213
12-11-2023,30,210243
13-11-2023,40,210283
14-11-2023,43,210326
15-11-2023,33,210359
16-11-2023,45,210404
17-11-2023,39,210443
18-11-2023,41,210484
19-11-2023,36,210520
20-11-2023,46,210566
21-11-2023,43,210609
22-11-2023,40,210649
23-11-2023,39,210688
24-11-2023,37,210725
25-11-2023,33,210758
26-11-2023,50,210808
27-11-2023,46,210854
28-11-2023,62,210916
29-11-2023,34,210950
30-11-2023,44,210994
01-12-2023,47,211041
02-12-2023,29,211070
03-12-2023,31,211101
04-12-2023,41,211142
05-12-2023,32,211174
06-12-2023,35,211209
07-12-2023,36,211245
08-12-2023,32,211277
09-12-2023,28,211305
10-12-2023,27,211332
11-12-2023,46,211378
12-12-2023,41,211419
13-12-2023,50,211469
14-12-2023,57,211526
15-12-2023,36,211562
16-12-2023,31,211593
17-12-2023,32,211625
18-12-2023,41,211666
19-12-2023,38,211704
20-12-2023,48,211752
21-12-2023,30,211782
22-12-2023,32,211814
23-12-2023,31,211845
24-12-2023,26,211871
25-12-2023,34,211905
26-12-2023,49,211954
27-12-2023,55,212009
28-12-2023,35,212044
29-12-2023,40,212084
30-12-2023,25,212109
31-12-2023,31,212140
01-01-2024,30,212170
02-01-2024,36,212206
03-01-2024,45,212251
04-01-2024,47,212298
05-01-2024,61,212359
06-01-2024,29,212388
07-01-2024,38,212426
08-01-2024,66,212492
09-01-2024,89,212581
10-01-2024,67,212648
11-01-2024,66,212714
12-01-2024,50,212764
13-01-2024,41,212805
14-01-2024,32,212837
15-01-2024,42,212879
16-01-2024,44,212923
17-01-2024,46,212969
18-01-2024,48,213017
19-01-2024,46,213063
20-01-2024,45,213108
21-01-2024,37,213145
22-01-2024,46,213191
23-01-2024,43,213234
24-01-2024,54,213288
25-01-2024,55,213343
26-01-2024,50,213393
27-01-2024,49,213442
28-01-2024,32,213474
29-01-2024,52,213526
30-01-2024,56,213582
31-01-2024,50,213632
01-02-2024,64,213696
02-02-2024,52,213748
03-02-2024,32,213780
04-02-2024,54,213834
05-02-2024,39,213873
06-02-2024,50,213923
07-02-2024,53,213976
08-02-2024,44,214020
09-02-2024,47,214067
10-02-2024,47,214114
11-02-2024,40,214154
12-02-2024,47,214201
13-02-2024,39,214240
14-02-2024,45,214285
15-02-2024,48,214333
16-02-2024,66,214399
17-02-2024,57,214456
18-02-2024,46,214502
19-02-2024,59,214561
20-02-2024,69,214630
21-02-2024,51,214681
22-02-2024,64,214745
23-02-2024,52,214797
24-02-2024,43,214840
25-02-2024,29,214869
26-02-2024,62,214931
27-02-2024,80,215011
28-02-2024,59,215070
29-02-2024,70,215140
01-03-2024,54,215194
02-03-2024,75,215269
03-03-2024,102,215371
04-03-2024,52,215423
05-03-2024,58,215481
06-03-2024,52,215533
07-03-2024,46,215579
08-03-2024,62,215641
09-03-2024,43,215684
10-03-2024,41,215725
11-03-2024,68,215793
12-03-2024,52,215845
13-03-2024,63,215908
14-03-2024,55,215963
15-03-2024,63,216026
16-03-2024,43,216069
17-03-2024,41,216110
18-03-2024,45,216155
19-03-2024,59,216214
20-03-2024,61,216275
21-03-2024,48,216323
22-03-2024,46,216369
23-03-2024,41,216410
24-03-2024,42,216452
25-03-2024,48,216500
26-03-2024,56,216556
27-03-2024,53,216609
28-03-2024,67,216676
29-03-2024,45,216721
30-03-2024,36,216757
31-03-2024,40,216797
01-04-2024,48,216845
02-04-2024,59,216904
03-04-2024,46,216950
04-04-2024,46,216996
05-04-2024,45,217041
06-04-2024,41,217082
07-04-2024,45,217127
08-04-2024,46,217173
09-04-2024,38,217211
10-04-2024,49,217260
11-04-2024,52,217312
12-04-2024,55,217367
13-04-2024,39,217406
14-04-2024,43,217449
15-04-2024,57,217506
16-04-2024,52,217558
17-04-2024,44,217602
18-04-2024,49,217651
19-04-2024,30,217681
20-04-2024,37,217718
21-04-2024,43,217761
22-04-2024,46,217807
23-04-2024,56,217863
24-04-2024,53,217916
25-04-2024,64,217980
26-04-2024,66,218046
27-04-2024,43,218089
28-04-2024,48,218137
29-04-2024,55,218192
30-04-2024,63,218255
01-05-2024,48,218303
02-05-2024,38,218341
03-05-2024,36,218377
04-05-2024,48,218425
05-05-2024,52,218477
06-05-2024,42,218519
07-05-2024,54,218573
08-05-2024,51,218624
09-05-2024,51,218675
10-05-2024,45,218720
11-05-2024,54,218774
12-05-2024,36,218810
13-05-2024,53,218863
14-05-2024,49,218912
15-05-2024,101,219013
16-05-2024,180,219193
17-05-2024,141,219334
18-05-2024,81,219415
19-05-2024,54,219469
20-05-2024,59,219528
21-05-2024,64,219592
22-05-2024,68,219660
23-05-2024,43,219703
24-05-2024,44,219747
25-05-2024,38,219785
26-05-2024,29,219814
27-05-2024,43,219857
28-05-2024,60,219917
29-05-2024,55,219972
30-05-2024,48,220020
31-05-2024,51,220071
01-06-2024,37,220108
02-06-2024,30,220138
03-06-2024,35,220173
04-06-2024,38,220211
05-06-2024,41,220252
06-06-2024,48,220300
07-06-2024,44,220344
08-06-2024,39,220383
09-06-2024,34,220417
10-06-2024,34,220451
11-06-2024,45,220496
12-06-2024,37,220533
13-06-2024,47,220580
14-06-2024,46,220626
15-06-2024,35,220661
16-06-2024,36,220697
17-06-2024,44,220741
18-06-2024,49,220790
19-06-2024,59,220849
20-06-2024,47,220896
21-06-2024,45,220941
22-06-2024,27,220968
23-06-2024,36,221004
24-06-2024,54,221058
25-06-2024,49,221107
26-06-2024,39,221146
27-06-2024,44,221190
28-06-2024,35,221225
29-06-2024,40,221265
30-06-2024,28,221293
01-07-2024,45,221338
02-07-2024,57,221395
03-07-2024,52,221447
04-07-2024,45,221492
05-07-2024,47,221539
06-07-2024,37,221576
07-07-2024,25,221601
08-07-2024,40,221641
09-07-2024,49,221690
10-07-2024,46,221736
11-07-2024,43,221779
12-07-2024,38,221817
13-07-2024,27,221844
14-07-2024,28,221872
15-07-2024,34,221906
16-07-2024,42,221948
17-07-2024,42,221990
18-07-2024,38,222028
19-07-2024,45,222073
20-07-2024,39,222112
21-07-2024,36,222148
22-07-2024,44,222192
23-07-2024,48,222240
24-07-2024,43,222283
25-07-2024,32,222315
26-07-2024,39,222354
27-07-2024,37,222391
28-07-2024,25,222416
29-07-2024,47,222463
30-07-2024,40,222503
31-07-2024,41,222544
01-08-2024,39,222583
02-08-2024,33,222616
03-08-2024,34,222650
04-08-2024,39,222689
05-08-2024,28,222717
06-08-2024,47,222764
07-08-2024,52,222816
08-08-2024,33,222849
09-08-2024,38,222887
10-08-2024,31,222918
11-08-2024,26,222944
12-08-2024,38,222982
13-08-2024,40,223022
14-08-2024,43,223065
15-08-2024,45,223110
16-08-2024,45,223155
17-08-2024,39,223194
18-08-2024,31,223225
19-08-2024,41,223266
20-08-2024,51,223317
21-08-2024,42,223359
22-08-2024,53,223412
23-08-2024,48,223460
24-08-2024,34,223494
25-08-2024,30,223524
26-08-2024,36,223560
27-08-2024,52,223612
28-08-2024,48,223660
29-08-2024,30,223690
30-08-2024,45,223735
31-08-2024,34,223769
01-09-2024,33,223802
02-09-2024,40,223842
03-09-2024,40,223882
04-09-2024,47,223929
05-09-2024,46,223975
06-09-2024,40,224015
07-09-2024,39,224054
08-09-2024,32,224086
09-09-2024,58,224144
10-09-2024,50,224194
11-09-2024,39,224233
12-09-2024,53,224286
13-09-2024,62,224348
14-09-2024,33,224381
15-09-2024,41,224422
16-09-2024,42,224464
17-09-2024,32,224496
18-09-2024,41,224537
19-09-2024,40,224577
20-09-2024,54,224631
21-09-2024,23,224654
22-09-2024,32,224686
23-09-2024,46,224732
24-09-2024,45,224777
25-09-2024,36,224813
26-09-2024,41,224854
27-09-2024,34,224888
28-09-2024,30,224918
29-09-2024,41,224959
30-09-2024,39,224998
01-10-2024,31,225029
02-10-2024,30,225059
03-10-2024,37,225096
04-10-2024,40,225136
05-10-2024,31,225167
06-10-2024,23,225190
07-10-2024,35,225225
08-10-2024,54,225279
09-10-2024,41,225320
10-10-2024,50,225370
11-10-2024,43,225413
12-10-2024,44,225457
13-10-2024,33,225490
14-10-2024,34,225524
15-10-2024,48,225572
16-10-2024,46,225618
17-10-2024,44,225662
18-10-2024,37,225699
19-10-2024,31,225730
20-10-2024,28,225758
21-10-2024,35,225793
22-10-2024,47,225840
23-10-2024,39,225879
24-10-2024,46,225925
25-10-2024,37,225962
26-10-2024,35,225997
27-10-2024,28,226025
28-10-2024,43,226068
29-10-2024,39,226107
30-10-2024,45,226152
31-10-2024,43,226195
01-11-2024,42,226237
02-11-2024,24,226261
03-11-2024,34,226295
04-11-2024,36,226331
05-11-2024,38,226369
06-11-2024,52,226421
07-11-2024,47,226468
08-11-2024,33,226501
09-11-2024,35,226536
10-11-2024,30,226566
11-11-2024,45,226611
12-11-2024,41,226652
13-11-2024,38,226690
14-11-2024,55,226745
15-11-2024,38,226783
16-11-2024,34,226817
17-11-2024,39,226856
18-11-2024,37,226893
19-11-2024,35,226928
20-11-2024,34,226962
21-11-2024,38,227000
22-11-2024,49,227049
23-11-2024,44,227093
24-11-2024,23,227116
25-11-2024,41,227157
26-11-2024,34,227191
27-11-2024,46,227237
28-11-2024,47,227284
29-11-2024,36,227320
30-11-2024,39,227359
01-12-2024,28,227387
02-12-2024,40,227427
03-12-2024,36,227463
04-12-2024,41,227504
05-12-2024,59,227563
06-12-2024,110,227673
07-12-2024,98,227771
08-12-2024,48,227819
09-12-2024,43,227862
10-12-2024,40,227902
11-12-2024,39,227941
12-12-2024,42,227983
13-12-2024,32,228015
14-12-2024,35,228050
15-12-2024,28,228078
16-12-2024,40,228118
17-12-2024,49,228167
18-12-2024,53,228220
19-12-2024,52,228272
20-12-2024,66,228338
21-12-2024,20,228358
22-12-2024,24,228382
23-12-2024,41,228423
24-12-2024,30,228453
25-12-2024,23,228476
26-12-2024,27,228503
27-12-2024,44,228547
28-12-2024,33,228580
29-12-2024,29,228609
30-12-2024,39,228648
31-12-2024,39,228687
01-01-2025,41,228728
02-01-2025,36,228764
03-01-2025,39,228803
04-01-2025,37,228840
05-01-2025,25,228865
06-01-2025,43,228908
07-01-2025,49,228957
08-01-2025,33,228990
09-01-2025,33,229023
10-01-2025,39,229062
11-01-2025,29,229091
12-01-2025,29,229120
13-01-2025,44,229164
14-01-2025,28,229192
15-01-2025,51,229243
16-01-2025,48,229291
17-01-2025,39,229330
18-01-2025,34,229364
19-01-2025,40,229404
20-01-2025,41,229445
21-01-2025,41,229486
22-01-2025,35,229521
23-01-2025,28,229549
24-01-2025,44,229593
25-01-2025,27,229620
26-01-2025,30,229650
27-01-2025,50,229700
28-01-2025,31,229731
29-01-2025,44,229775
30-01-2025,42,229817
31-01-2025,55,229872
01-02-2025,38,229910
02-02-2025,37,229947
03-02-2025,43,229990
04-02-2025,33,230023
05-02-2025,40,230063
06-02-2025,42,230105
07-02-2025,37,230142
08-02-2025,34,230176
09-02-2025,43,230219
10-02-2025,36,230255
11-02-2025,57,230312
12-02-2025,42,230354
13-02-2025,43,230397
14-02-2025,24,230421
15-02-2025,23,230444
16-02-2025,40,230484
17-02-2025,38,230522
18-02-2025,42,230564
19-02-2025,49,230613
20-02-2025,49,230662
21-02-2025,32,230694
22-02-2025,27,230721
23-02-2025,30,230751
24-02-2025,46,230797
25-02-2025,49,230846
26-02-2025,45,230891
27-02-2025,51,230942
28-02-2025,53,230995
01-03-2025,40,231035
02-03-2025,42,231077
03-03-2025,39,231116
04-03-2025,41,231157
05-03-2025,46,231203
06-03-2025,49,231252
07-03-2025,41,231293
08-03-2025,23,231316
09-03-2025,39,231355
10-03-2025,51,231406
11-03-2025,71,231477
12-03-2025,79,231556
13-03-2025,47,231603
14-03-2025,44,231647
15-03-2025,45,231692
16-03-2025,55,231747
17-03-2025,45,231792
18-03-2025,48,231840
19-03-2025,37,231877
20-03-2025,40,231917
21-03-2025,43,231960
22-03-2025,22,231982
23-03-2025,29,232011
24-03-2025,41,232052
25-03-2025,51,232103
26-03-2025,65,232168
27-03-2025,67,232235
28-03-2025,69,232304
29-03-2025,57,232361
30-03-2025,56,232417
31-03-2025,59,232476
01-04-2025,52,232528
02-04-2025,59,232587
03-04-2025,57,232644
04-04-2025,60,232704
05-04-2025,43,232747
06-04-2025,44,232791
07-04-2025,48,232839
08-04-2025,64,232903
09-04-2025,73,232976
10-04-2025,47,233023
11-04-2025,56,233079
12-04-2025,33,233112
13-04-2025,37,233149
14-04-2025,53,233202
15-04-2025,40,233242
16-04-2025,50,233292
17-04-2025,46,233338
18-04-2025,29,233367
19-04-2025,25,233392
20-04-2025,37,233429
21-04-2025,36,233465
22-04-2025,34,233499
23-04-2025,35,233534
24-04-2025,37,233571
25-04-2025,52,233623
26-04-2025,56,233679
27-04-2025,37,233716
28-04-2025,38,233754
29-04-2025,38,233792
30-04-2025,23,233815
01-05-2025,27,233842
02-05-2025,45,233887
03-05-2025,34,233921
04-05-2025,29,233950
05-05-2025,26,233976
06-05-2025,36,234012
07-05-2025,46,234058
08-05-2025,26,234084
09-05-2025,31,234115
10-05-2025,35,234150
11-05-2025,20,234170
12-05-2025,31,234201
13-05-2025,39,234240
14-05-2025,51,234291
15-05-2025,33,234324
16-05-2025,33,234357
17-05-2025,33,234390
18-05-2025,38,234428
19-05-2025,39,234467
20-05-2025,31,234498
21-05-2025,36,234534
22-05-2025,43,234577
23-05-2025,34,234611
24-05-2025,28,234639
25-05-2025,33,234672
26-05-2025,32,234704
27-05-2025,39,234743
28-05-2025,46,234789
29-05-2025,45,234834
30-05-2025,38,234872
31-05-2025,30,234902
01-06-2025,19,234921
02-06-2025,39,234960
03-06-2025,30,234990
04-06-2025,43,235033
05-06-2025,39,235072
06-06-2025,36,235108
07-06-2025,66,235174
08-06-2025,46,235220
09-06-2025,49,235269
10-06-2025,42,235311
11-06-2025,43,235354
12-06-2025,47,235401
13-06-2025,43,235444
14-06-2025,39,235483
15-06-2025,24,235507
16-06-2025,50,235557
17-06-2025,53,235610
18-06-2025,35,235645
19-06-2025,51,235696
20-06-2025,29,235725
21-06-2025,38,235763
22-06-2025,25,235788
23-06-2025,43,235831
24-06-2025,33,235864
25-06-2025,49,235913
26-06-2025,47,235960
27-06-2025,40,236000
28-06-2025,24,236024
29-06-2025,35,236059
30-06-2025,40,236099
01-07-2025,35,236134
02-07-2025,34,236168
03-07-2025,46,236214
04-07-2025,35,236249
05-07-2025,24,236273
06-07-2025,34,236307
07-07-2025,34,236341
08-07-2025,47,236388
09-07-2025,43,236431
10-07-2025,41,236472
11-07-2025,35,236507
12-07-2025,28,236535
13-07-2025,27,236562
14-07-2025,47,236609
15-07-2025,60,236669
16-07-2025,52,236721
17-07-2025,35,236756
18-07-2025,35,236791
19-07-2025,32,236823
20-07-2025,38,236861
21-07-2025,33,236894
22-07-2025,43,236937
23-07-2025,32,236969
24-07-2025,40,237009
25-07-2025,38,237047
26-07-2025,32,237079
27-07-2025,19,237098
28-07-2025,44,237142
29-07-2025,46,237188
30-07-2025,46,237234
31-07-2025,48,237282
01-08-2025,31,237313
02-08-2025,31,237344
03-08-2025,31,237375
04-08-2025,32,237407
05-08-2025,42,237449
06-08-2025,36,237485
07-08-2025,32,237517
08-08-2025,32,237549
09-08-2025,41,237590
10-08-2025,27,237617
11-08-2025,35,237652
12-08-2025,39,237691
13-08-2025,44,237735
14-08-2025,35,237770
15-08-2025,34,237804
16-08-2025,32,237836
17-08-2025,15,237851
18-08-2025,36,237887
19-08-2025,37,237924
20-08-2025,43,237967
21-08-2025,47,238014
22-08-2025,35,238049
23-08-2025,34,238083
24-08-2025,38,238121
25-08-2025,29,238150
26-08-2025,29,238179
27-08-2025,33,238212
28-08-2025,32,238244
29-08-2025,31,238275
30-08-2025,24,238299
31-08-2025,35,238334
01-09-2025,36,238370
02-09-2025,39,238409
03-09-2025,38,238447
04-09-2025,56,238503
05-09-2025,37,238540
06-09-2025,36,238576
07-09-2025,31,238607
08-09-2025,36,238643
09-09-2025,37,238680
10-09-2025,28,238708
11-09-2025,32,238740
12-09-2025,39,238779
13-09-2025,31,238810
14-09-2025,34,238844
15-09-2025,27,238871
16-09-2025,39,238910
17-09-2025,31,238941
18-09-2025,39,238980
19-09-2025,49,239029
20-09-2025,42,239071